iteration,time_sampling,stoc_pol_mean,stoc_pol_std,stoc_pol_max,stoc_pol_min,rollout_success,alpha,delta,time_vpg,time_npg,kl_dist,surr_improvement,running_score,rwd_sparse,rwd_dense,success_percentage,num_samples,time_VF,VF_error_before,VF_error_after,env_samples,eval_score,eval_success
0,8.547289848327637,-54.4380523795005,4.651242984206248,-42.35591562514743,-80.43504069183261,0.0,3.1153225388998766,0.05,0.020903587341308594,0.16967105865478516,0.02406346,0.016109336,-54.4380523795005,-0.49754876335912535,-1.0868006351223247,0.0,10000,0.5532267093658447,1.0023530175714215,0.015602354235115953,10000,-44.35786105660529,0.0
1,8.437744140625,-53.83653371452396,8.19158321395331,-40.5347357952667,-122.9740199498008,0.0,3.065664095451772,0.05,0.006685733795166016,0.1581869125366211,0.025028005,0.016885296,-54.37790051300284,-0.5207153026724805,-1.074848664399274,0.0,10000,0.5156311988830566,0.038157211262474476,0.03379054072695211,20000,-43.680437179636385,0.0
2,8.700777292251587,-50.61034710796337,5.116990847309879,-40.907255726288874,-84.35619822910128,0.0,1.723417307826501,0.05,0.006649494171142578,0.14504694938659668,0.026054803,0.02880966,-54.001145172498894,-0.48672648305847305,-1.0104290935576392,0.0,10000,0.5186607837677002,0.015852942310479148,0.01267889667329014,30000,-42.7034226167468,0.0
3,8.572698593139648,-47.39654266049693,4.792855481285498,-40.78916037670199,-87.90882114706739,0.0,1.895985381060397,0.05,0.0067806243896484375,0.14427781105041504,0.026172271,0.0261944,-53.340684921298696,-0.48058793430470187,-0.946132507283382,0.0,10000,0.5174176692962646,0.01958198780519766,0.01282794134330951,40000,-41.85189653701257,0.0
4,8.791587829589844,-44.282073231442645,3.4476749945155745,-37.454829844536704,-72.18338190005876,0.0,2.1923950338976064,0.05,0.006850004196166992,0.15908169746398926,0.026355108,0.022404997,-52.43482375231309,-0.4727982711593497,-0.8839625659702557,0.0,10000,0.7147789001464844,0.0146164977350238,0.007765464892982522,50000,-42.6853935164214,0.0
5,8.921560525894165,-43.316368882568185,4.619101472940315,-38.11639301965667,-94.79448190977512,0.0,2.8835333268453396,0.05,0.006716012954711914,0.1466367244720459,0.02637342,0.016665163,-51.5229782653386,-0.4753849320685692,-0.8646831101443213,0.0,10000,0.9012622833251953,0.016002700993804794,0.015381275306306962,60000,-43.14526392103844,0.0
6,8.905570268630981,-41.96192791045747,2.145009888192963,-38.06977964432132,-52.280745876633986,0.0,2.3403619994241915,0.05,0.006948947906494141,0.185699462890625,0.025831886,0.02144032,-50.566873229850486,-0.46701380756090916,-0.8376244320204,0.0,10000,0.9229280948638916,0.004930070768678974,0.0032458647602235805,70000,-44.17246799354563,0.0
7,8.896044492721558,-41.60068824092352,4.4622197612190755,-36.468811012921215,-99.51325295426071,0.0,3.858167569627757,0.05,0.006890535354614258,0.14744019508361816,0.025521534,0.013218298,-49.67025473095779,-0.4722030451784755,-0.8303961670234519,0.0,10000,0.9247291088104248,0.01282199191965117,0.012683617752768602,80000,-44.371100879612975,0.0
8,9.107555866241455,-40.895630445781286,1.6265035104639185,-36.91896078422784,-45.18366163308033,0.0,2.636448807552825,0.05,0.007485151290893555,0.1523587703704834,0.025120966,0.018613141,-48.792792302440134,-0.4652949795515377,-0.8162963657290265,0.0,10000,0.9323685169219971,0.0020795624656880377,0.0019392616337768165,90000,-44.60307839284996,0.0
9,8.868441104888916,-40.34556621527803,3.558439775837401,-35.394108711111045,-83.29932422433555,0.0,4.057120500246209,0.05,0.006871938705444336,0.17628931999206543,0.02462002,0.011583875,-47.94806969372393,-0.4715405014733037,-0.8053350261960923,0.0,10000,0.9034299850463867,0.008589652359266838,0.008522464820174146,100000,-44.03411545374751,0.0
10,8.857224702835083,-40.01641215363574,2.117767709301308,-35.808607808092404,-56.23717967935543,0.0,2.2761980223258953,0.05,0.006756782531738281,0.1505899429321289,0.025136378,0.02103094,-47.15490393971511,-0.4677057282787572,-0.7987721683500044,0.0,10000,0.8394358158111572,0.0035531175492545014,0.003435359094619837,110000,-42.52760228474848,0.0
11,8.837929964065552,-39.43153514201961,3.0714005965862046,-34.8708336991937,-71.9757464666471,0.0,3.196304476725347,0.05,0.007427692413330078,0.1630861759185791,0.025194028,0.013522814,-46.382567059945565,-0.47046506048009823,-0.7871113928348902,0.0,10000,0.824517011642456,0.007619282410239421,0.007186894360949945,120000,-42.00198914616193,0.0
12,8.820305824279785,-39.04683371128708,1.8519237467106953,-35.51122834081831,-45.48170958651132,0.0,2.5106444534294243,0.05,0.006769418716430664,0.1444838047027588,0.025649115,0.020159252,-45.64899372507971,-0.4654732819275843,-0.7794156775699141,0.0,10000,0.828862190246582,0.0031105215997790994,0.0030432043526365834,130000,-40.22753139163665,0.0
13,8.828044891357422,-38.37757430372692,1.7565789827689835,-34.033563571445555,-44.1512454445752,0.0,2.8634313141797745,0.05,0.0067844390869140625,0.1679542064666748,0.025445588,0.017021794,-44.92185178294443,-0.46576853821838726,-0.7660429483273767,0.0,10000,0.8403401374816895,0.0031851787472789227,0.002773558434895266,140000,-39.64476105266864,0.0
14,8.783429145812988,-37.67633371818661,1.7098171199619987,-33.90819343979725,-42.22746080482084,0.0,3.6013215395936715,0.05,0.006707668304443359,0.1625819206237793,0.025574476,0.014097347,-44.19729997646865,-0.46514835190846,-0.7520106781768243,0.0,10000,0.8754949569702148,0.002970234320778229,0.002668704749288343,150000,-39.2468062234165,0.0
15,8.784505128860474,-37.68940741262583,2.1142458913405306,-33.566516090531124,-56.698259475002274,0.0,3.077884338878449,0.05,0.007172822952270508,0.17075562477111816,0.025146345,0.015920095,-43.54651072008437,-0.4672192318860239,-0.7522958520420769,0.0,10000,0.9189040660858154,0.0037490884196261427,0.0037416325532717044,160000,-38.902153057954045,0.0
16,8.957619905471802,-37.37087074526923,2.0981444970225085,-33.2768933736835,-51.536961645571665,0.0,2.8079762455080512,0.05,0.006999015808105469,0.15717387199401855,0.026330182,0.017332269,-42.92894672260286,-0.46740554893822006,-0.7459209265720633,0.0,10000,0.940016508102417,0.003981121300341425,0.004016260508233756,170000,-38.83976648749821,0.0
17,8.769266605377197,-37.074382835488024,2.030766265591656,-33.48552452645473,-53.54354278085725,0.0,3.173862575429441,0.05,0.006707429885864258,0.1491377353668213,0.02533259,0.015615473,-42.34349033389138,-0.46714164196847335,-0.7399470887542803,0.0,10000,0.9470484256744385,0.0035667651278024396,0.0035590917650356346,180000,-38.802278257682225,0.0
18,8.793408155441284,-37.12482048996769,1.504850550900998,-33.358176889989636,-41.28276064136209,0.0,2.6742931024473307,0.05,0.0066318511962890625,0.15122056007385254,0.025769886,0.01857731,-41.82162334949901,-0.4653898106751781,-0.740970604311191,0.0,10000,0.9580409526824951,0.0020807095035398,0.00207852330089495,190000,-38.75716892328678,0.0
19,8.861826419830322,-36.930667624985475,2.0648063640282697,-33.266088467957005,-51.70828016589474,0.0,3.3116243492940045,0.05,0.006773948669433594,0.1573808193206787,0.025752308,0.01420171,-41.33252777704766,-0.46848037613685434,-0.7371176966622721,0.0,10000,0.962698221206665,0.0036981429012343052,0.0036634178371195013,200000,-38.68377138330734,0.0
20,8.79384160041809,-36.788667594615944,1.6598351843990948,-33.554613569409454,-40.97946435069264,0.0,3.341588758141228,0.05,0.007125377655029297,0.15024518966674805,0.025467709,0.0145229725,-40.87814175880449,-0.4655313143611236,-0.7342569263045756,0.0,10000,0.9806387424468994,0.0025068090788889527,0.0025237582070947065,210000,-38.59353149427145,0.0
21,8.82288646697998,-36.83845833240733,2.70778915045624,-32.30398443721658,-66.95895698544864,0.0,3.9752261037352548,0.05,0.007141590118408203,0.16580796241760254,0.02577615,0.012533623,-40.474173416164774,-0.4689094964931622,-0.7352788867172434,0.0,10000,0.9911971092224121,0.006329150830157985,0.006335040189315753,220000,-38.58030121009963,0.0
22,8.92824649810791,-36.764226394795784,2.121692675759261,-32.48967989052074,-51.77951479776263,0.0,4.28107179300672,0.05,0.006656169891357422,0.15596437454223633,0.025153311,0.0116933305,-40.10317871402788,-0.4684195090920166,-0.7337709311768649,0.0,10000,0.9852423667907715,0.003671162034753633,0.0036760258477323447,230000,-38.55535018994348,0.0
23,8.783198595046997,-36.805997525548726,4.092178061073657,-32.25465274679628,-89.84842618373436,0.0,4.329898138965941,0.05,0.006826162338256836,0.1501917839050293,0.024443977,0.010396675,-39.77346059517997,-0.4706599208206962,-0.7346037111018788,0.0,10000,0.9717371463775635,0.013529028466966615,0.01350828116674931,240000,-38.46532558005844,0.0
24,8.80363416671753,-36.75181042634013,2.5743598019805276,-32.909355876714194,-65.43800982137947,0.0,3.2715117858582614,0.05,0.00658726692199707,0.15562033653259277,0.025940683,0.013522386,-39.47129557829599,-0.4683011727660116,-0.7335269566537537,0.0,10000,0.9530825614929199,0.005802524903436479,0.00580740568384233,250000,-38.54134655126402,0.0
25,8.947132110595703,-36.57308995603491,1.714414817658019,-32.02502173398255,-50.241648141839846,0.0,3.5648179794908827,0.05,0.006803989410400391,0.15250325202941895,0.024906,0.014039694,-39.18147501606988,-0.4666241287506804,-0.7299450202769974,0.0,10000,0.9566893577575684,0.002650633621564289,0.002711079590727219,260000,-38.356304022639115,0.0
26,8.792827844619751,-36.59399337697618,2.207731297110271,-32.001265997141175,-52.9441561042952,0.0,3.4972935375831415,0.05,0.006595611572265625,0.14338421821594238,0.025904883,0.01361062,-38.92272685216051,-0.46818797291877134,-0.7303876207236365,0.0,10000,0.9577040672302246,0.004247865722833038,0.004193446904680656,270000,-38.22900284490396,0.0
27,8.724258184432983,-36.48079118519823,1.7427729081411105,-33.02516796599995,-50.75322390387832,0.0,3.325069602339223,0.05,0.006652116775512695,0.14252758026123047,0.025514817,0.014587425,-38.67853328546428,-0.46653783453936315,-0.7281185425246107,0.0,10000,0.9374029636383057,0.0027883694435395655,0.0028097043707053532,280000,-37.52328159384265,0.0
28,8.703883409500122,-36.4082637080779,1.5055365441349184,-32.66644122615367,-41.62206589514902,0.0,3.173282997999629,0.05,0.006857872009277344,0.15343785285949707,0.024484536,0.016376713,-38.451506327725646,-0.46570245579148567,-0.7266974303047057,0.0,10000,0.9407875537872314,0.0023238465248771826,0.002400801124025184,290000,-36.9718568628427,0.0
29,8.713401556015015,-36.46453248680626,2.085442188204877,-32.08596044312343,-53.81762098296161,0.0,3.3706028526915177,0.05,0.007019519805908203,0.14385032653808594,0.02560107,0.015251368,-38.25280894363371,-0.4669980734866502,-0.7278242911010608,0.0,10000,0.9521026611328125,0.004166406969229653,0.004075506281936683,300000,-36.17677878163389,0.0
30,8.711495161056519,-36.03698151082477,1.519849177852977,-31.833430395691916,-40.266191996343245,0.0,3.652129156497427,0.05,0.006753683090209961,0.14270997047424316,0.024848813,0.01399178,-38.03122620035282,-0.465301309872995,-0.7192701051774923,0.0,10000,0.9468865394592285,0.0025963548933345057,0.0023400912762632504,310000,-35.659374493326034,0.0
31,8.976017951965332,-35.96282825118348,2.0253209273033166,-31.224132910503332,-48.435943174755124,0.0,3.2537006797852794,0.05,0.007103681564331055,0.1597294807434082,0.025735607,0.014684849,-37.82438640543589,-0.46722496434334376,-0.7177460321869416,0.0,10000,0.9424309730529785,0.004240916695737201,0.004289039706408344,320000,-36.54655094731799,0.0
32,8.723737001419067,-35.93309644535475,1.6055150484261638,-31.87692054160896,-41.24671932262347,0.0,2.6481225115526383,0.05,0.006792306900024414,0.15100622177124023,0.025755432,0.018201992,-37.63525740942777,-0.46554001470998196,-0.7171708297037385,0.0,10000,0.9531412124633789,0.0028515224154867253,0.002814812410105394,330000,-35.750709716437825,0.0
33,8.819550514221191,-35.78219902098926,2.011190995653327,-30.976169413769174,-51.22317193536751,0.0,3.264011198890643,0.05,0.007000923156738281,0.16344141960144043,0.02488341,0.014953643,-37.44995157058392,-0.4678182003140524,-0.7141755416788328,0.0,10000,0.959808349609375,0.004139343837149732,0.0040850844654967645,340000,-35.751753935130175,0.0
34,8.68481993675232,-35.91508541608715,3.5801215641991067,-30.856515470013793,-80.1363613814488,0.0,3.726609115873625,0.05,0.006753683090209961,0.1410062313079834,0.02570562,0.0131036,-37.29646495513425,-0.4705317434520086,-0.7168806155912948,0.0,10000,0.9623148441314697,0.011624334268301473,0.011640727401751672,350000,-35.75702285078776,0.0
35,8.712371587753296,-35.5182001199253,1.674349753253291,-31.14232953158676,-39.915922536304215,0.0,3.451979720436452,0.05,0.006817340850830078,0.14214277267456055,0.025552517,0.013897496,-37.11863847161336,-0.4660003991360013,-0.7088743566784401,0.0,10000,0.9733297824859619,0.003794900282337065,0.003503161740706291,360000,-36.18356802432055,0.0
36,8.840041637420654,-35.55916531395082,1.7852923841199944,-30.445862736709515,-41.002828599413846,0.0,2.948983491764661,0.05,0.006829738616943359,0.1625535488128662,0.024768084,0.017495947,-36.96269115584711,-0.46576622048322763,-0.7097623719302595,0.0,10000,0.9870710372924805,0.003957346161579848,0.00391814729143391,370000,-38.542712506870814,0.0
37,8.719244956970215,-35.716318058930845,2.0843128157064723,-31.570826586302335,-53.6924816252977,0.0,3.1491484885541094,0.05,0.006782054901123047,0.16599249839782715,0.02551058,0.016170122,-36.83805384615548,-0.46729968788878407,-0.7128954835603813,0.0,10000,0.986659049987793,0.004823496835008382,0.004821881211233832,380000,-36.049077819845294,0.0
38,8.769662141799927,-35.42240785861496,1.921284888185636,-30.861927634272885,-46.67332565257093,0.0,3.1419427360511074,0.05,0.0069081783294677734,0.16905474662780762,0.025960058,0.015447173,-36.69648924740143,-0.46714669075553816,-0.707045083733243,0.0,10000,0.982520580291748,0.004515117633273359,0.004421990174449476,390000,-38.07333636347522,0.0
39,8.937919855117798,-36.13830096169164,13.393352076617465,-31.205784220026857,-222.4545777139575,0.0,4.185729820254244,0.05,0.006563901901245117,0.15774750709533691,0.025329173,0.010802856,-36.64067041883045,-0.485906574212615,-0.7209613456424694,0.0,10000,0.9656836986541748,0.1465985725455374,0.1465603048694562,400000,-37.46158871215925,0.0
40,8.751169443130493,-34.95775221547151,1.6529778819087622,-30.446414976101398,-40.27480066834353,0.0,3.1940249553895397,0.05,0.006663084030151367,0.16202807426452637,0.024840899,0.01647234,-36.47237859849456,-0.4657578074728852,-0.6977617202828361,0.0,10000,0.9419834613800049,0.004085124636777912,0.003755544645578879,410000,-37.20898881620459,0.0
41,8.747177839279175,-34.73417936069558,1.6490328660772946,-30.069827283003896,-39.975474525756184,0.0,3.0744680410489518,0.05,0.00716400146484375,0.14899945259094238,0.025036609,0.016023884,-36.29855867471466,-0.465386527093668,-0.6932590349868113,0.0,10000,0.9292104244232178,0.00370691939369154,0.0035927612282926624,420000,-37.20291172368758,0.0
42,8.867516279220581,-34.925014106463024,1.7710942611876215,-31.310108974223333,-41.14213888688299,0.0,3.681098289759211,0.05,0.00694584846496582,0.16068053245544434,0.026123827,0.013607267,-36.161204217889505,-0.4664859434296477,-0.6970756869129306,0.0,10000,0.9160721302032471,0.004206924160345273,0.004202305461410683,430000,-38.47633400080768,0.0
43,8.801939725875854,-35.01017510606642,2.096571522922625,-31.62028358442191,-51.62095301049132,0.0,3.771982843053393,0.05,0.0074024200439453125,0.15357708930969238,0.025061611,0.012977267,-36.0461013067072,-0.4672059679284547,-0.6988024255077072,0.0,10000,0.9348986148834229,0.0067696624747572275,0.006712730340109971,440000,-37.63574099798589,0.0
44,8.788935661315918,-35.0676572102757,2.2033606576019795,-31.06008523525477,-47.24665002295876,0.0,3.155573789322647,0.05,0.007002115249633789,0.1468362808227539,0.0264844,0.015383645,-35.94825689706405,-0.4676843942207208,-0.6998509732095826,0.0,10000,0.965817928314209,0.007096104339379081,0.007200440726131713,450000,-38.66119298386052,0.0
45,8.793952941894531,-34.789142601498554,1.7979980762379253,-31.19996462681735,-43.18965082467239,0.0,3.788047481360946,0.05,0.006700992584228516,0.15076375007629395,0.024348702,0.013438608,-35.8323454675075,-0.46645155098976615,-0.6943448709776336,0.0,10000,0.9476141929626465,0.004902221395156628,0.004461846679466885,460000,-37.027130716605946,0.0
46,8.843154191970825,-35.007144268185066,2.292489161380481,-30.02834590337384,-47.03778980038409,0.0,2.525362297068892,0.05,0.007248878479003906,0.17168188095092773,0.02661074,0.019117638,-35.74982534757525,-0.4679122593650261,-0.698678803897295,0.0,10000,0.9590635299682617,0.007620564590836819,0.007602192700298475,470000,-39.17948593983267,0.0
47,8.846422672271729,-34.79704135043633,1.8133724335571668,-30.38490221022147,-41.64034802962105,0.0,4.036393554450261,0.05,0.006849527359008789,0.1439967155456543,0.024339536,0.012028682,-35.65454694786136,-0.4655210408008689,-0.6945469732531273,0.0,10000,0.9504060745239258,0.004618117854968202,0.004472810763530353,480000,-37.53424992676607,0.0
48,8.787763357162476,-34.62520056691555,1.7967174376978472,-30.491739397676742,-39.844088894767104,0.0,3.046573585204533,0.05,0.007076740264892578,0.15340948104858398,0.025822394,0.016119605,-35.55161230976678,-0.4657524991046008,-0.6910881846782254,0.0,10000,0.9400749206542969,0.004311816377426165,0.0044374778798750595,490000,-39.07405439096151,0.0
49,8.81384801864624,-34.7410466936239,1.7906466506587915,-30.993385577403835,-41.97609411615799,0.0,2.17896202257079,0.05,0.006877899169921875,0.14789772033691406,0.024776304,0.02296673,-35.47055574815249,-0.4657807840043057,-0.6933672833373433,0.0,10000,0.946591854095459,0.004715713401951211,0.004485584655140623,500000,-36.98655063597728,0.0
50,9.127450704574585,-34.83428404796573,1.7146137889955082,-29.911663218732862,-40.34275058459337,0.0,3.737848527416745,0.05,0.006839275360107422,0.14665794372558594,0.025798563,0.013132016,-35.406928578133815,-0.4657640692494261,-0.6952542905251332,0.0,10000,0.9459917545318604,0.003878074438899738,0.0038778831999593645,510000,-36.954570075491034,0.0
51,8.819649457931519,-34.66268582790062,1.7107284769509725,-31.172470380743757,-44.31338383085403,0.0,3.22840760154008,0.05,0.006735086441040039,0.14345908164978027,0.02472124,0.015923003,-35.3325043031105,-0.4668627209702773,-0.6918245290128135,0.0,10000,0.9482064247131348,0.0036810415139487502,0.003684026743924641,520000,-37.81592360291181,0.0
52,8.860544204711914,-34.58910132389241,2.6043626838925134,-30.012852536022525,-61.147151120289315,0.0,3.523225578930267,0.05,0.0070607662200927734,0.15643715858459473,0.025574908,0.0125576295,-35.25816400518869,-0.4688409836844154,-0.690414861303374,0.0,10000,0.9492192268371582,0.007357827997863324,0.00727094830611201,530000,-38.058032647117614,0.0
53,8.94004487991333,-34.500592453880515,1.7677526327433286,-30.50403905730645,-39.23631246012822,0.0,2.54278758536947,0.05,0.0070002079010009766,0.1659698486328125,0.024409762,0.019412268,-35.18240685005787,-0.4661839979133684,-0.6885979129808634,0.0,10000,0.9227440357208252,0.0042607951469769995,0.004267035868355389,540000,-36.11716927047735,0.0
54,8.839882850646973,-34.68323020741956,2.174130071230323,-30.396368497639696,-47.97899154032861,0.0,3.381774254372411,0.05,0.0069615840911865234,0.14433693885803223,0.025403272,0.014279602,-35.13248918579404,-0.46874147548093065,-0.6922276891090502,0.0,10000,0.9328744411468506,0.006721916681758981,0.006734181492972436,550000,-38.17082718809763,0.0
55,8.775224208831787,-34.47760219922261,1.6193671693260072,-30.830060717097414,-38.11983982590943,0.0,2.9615659347520915,0.05,0.006652355194091797,0.14313888549804688,0.025603712,0.016872361,-35.0670004871369,-0.4656293563099804,-0.6881820269196257,0.0,10000,0.9352154731750488,0.003502689829626078,0.0034847425188613344,560000,-37.43330899236999,0.0
56,9.004446744918823,-34.49682894618646,1.9055184478195444,-30.63055707989569,-45.222631011404594,0.0,3.8550408155953435,0.05,0.006878376007080078,0.15961575508117676,0.025748001,0.012087229,-35.00998333304186,-0.466793066104846,-0.6885191175046786,0.0,10000,0.937551736831665,0.005157928749581158,0.005143408371722793,570000,-37.98829027194973,0.0
57,8.809595346450806,-34.70291795112502,2.3217896675620704,-30.41412000943204,-51.54110004054738,0.0,3.2619472659884488,0.05,0.006673574447631836,0.15525364875793457,0.025742471,0.014659214,-34.97927679485018,-0.4683437501403142,-0.6926430915404659,0.0,10000,0.9515130519866943,0.007557620926518083,0.007673742993954667,580000,-36.73938203195928,0.0
58,8.885326623916626,-34.589761042632254,1.6717240015654404,-31.001646535029916,-39.15216878187413,0.0,4.0751505195451,0.05,0.0067365169525146484,0.1564948558807373,0.023368344,0.011722201,-34.94032521962839,-0.46545098959096004,-0.6903770933925765,0.0,10000,0.9208002090454102,0.004326882059515702,0.003916301274748437,590000,-37.54900426589709,0.0
59,9.090571165084839,-34.77699413364801,2.15336987108593,-30.71131122391983,-48.8826924008124,0.0,2.766568562811765,0.05,0.0071811676025390625,0.15187835693359375,0.025890168,0.017537791,-34.92399211103035,-0.46745432790437563,-0.6941107375488978,0.0,10000,0.9106466770172119,0.0060503109416556655,0.006223941028303928,600000,-35.951746216917506,0.0
60,8.861475229263306,-34.52138545386384,2.0261406852818844,-30.92009564003339,-50.64348798469691,0.0,3.551070895965692,0.05,0.007174253463745117,0.16983413696289062,0.02584465,0.013545748,-34.8837314453137,-0.46733610225651484,-0.6890199754300549,0.0,10000,0.9175200462341309,0.00488476769662061,0.00524734711744348,610000,-37.2960445809949,0.0
61,8.780077695846558,-34.700567603013354,2.3111204851139076,-30.661888110097728,-57.19456525756106,0.0,3.623897744337572,0.05,0.006671905517578125,0.1511218547821045,0.025783652,0.01318645,-34.86541506108367,-0.4682760461949702,-0.6926229599750188,0.0,10000,0.9076006412506104,0.005784292057441997,0.005496553203562874,620000,-36.0135781005006,0.0
62,8.894354104995728,-34.64504851163567,1.949442056300765,-30.183717448476862,-44.97806730318434,0.0,3.1962806035960387,0.05,0.006752967834472656,0.1726241111755371,0.025993967,0.014759635,-34.84337840613887,-0.4662449102325344,-0.6914208673988316,0.0,10000,0.9124138355255127,0.0053488023795169514,0.0056056132961243895,630000,-37.57308856764373,0.0
63,8.863677024841309,-34.61357205458922,1.6618866222117423,-30.903744362805604,-40.64051142521353,0.0,3.9236739674132575,0.05,0.007227659225463867,0.17995929718017578,0.023614582,0.012915576,-34.8203977709839,-0.4664015078163656,-0.6908313082706856,0.0,10000,0.9068787097930908,0.004082145116403867,0.003971773889295856,640000,-36.279614191776055,0.0
64,9.040371417999268,-34.74310537185645,2.8829241271163184,-30.6618147927847,-61.64019978116596,0.0,3.106888252534551,0.05,0.006918191909790039,0.16247034072875977,0.024252016,0.015739152,-34.81266853107116,-0.4721912162184229,-0.6934011916170607,0.0,10000,0.8946337699890137,0.008020302352157633,0.008024894338956791,650000,-36.64941017882923,0.0
65,8.839428424835205,-34.44146092674981,1.7265115673118405,-30.18375984888728,-41.92152607204172,0.0,3.6481520005353056,0.05,0.007098197937011719,0.16132831573486328,0.024441686,0.013131179,-34.77554777063903,-0.46601955384186006,-0.6874096924163172,0.0,10000,0.8939874172210693,0.004278273779240254,0.004014235373517063,660000,-35.94277552627191,0.0
66,8.84473204612732,-34.422220409068466,2.1200850705599206,-29.80529586874926,-46.41661420594445,0.0,3.222406622939075,0.05,0.007081031799316406,0.15580534934997559,0.025758343,0.014168131,-34.74021503448198,-0.46757922893518783,-0.6870256083218641,0.0,10000,0.8983421325683594,0.0060922622812933785,0.006149358913951063,670000,-36.42120297381422,0.0
67,8.96190881729126,-34.56446465157786,1.6411355341700442,-30.586771094397708,-43.10939253225956,0.0,4.516925263342989,0.05,0.00728297233581543,0.164107084274292,0.025174627,0.011429615,-34.72263999619157,-0.4664923837517652,-0.6898335164522864,0.0,10000,0.9012651443481445,0.0032255012812510923,0.0033191976480014627,680000,-35.78313467714734,0.0
68,8.910067319869995,-34.48153231481923,2.5205678961845224,-30.97772654014096,-61.94695055555156,0.0,4.432608770470179,0.05,0.006789445877075195,0.16141510009765625,0.024227306,0.011285504,-34.69852922805433,-0.46950807441560516,-0.6882114786647824,0.0,10000,0.9119713306427002,0.00703726355934843,0.006979217769067284,690000,-35.927661325438706,0.0
69,8.760790348052979,-34.75087054796854,2.534228037926654,-30.097841556700878,-61.25459767410084,0.0,3.144320190978517,0.05,0.0068018436431884766,0.17505502700805664,0.024103198,0.01602038,-34.703763360045755,-0.46813822379524084,-0.6935708189689496,0.0,10000,0.9224662780761719,0.007148837889473092,0.006924050204004633,700000,-36.31024540385407,0.0
70,8.934658765792847,-34.66207383414051,2.3936607637715936,-30.775321051861383,-57.8897001776011,0.0,3.745672670099077,0.05,0.0064508914947509766,0.16034817695617676,0.025450155,0.012999545,-34.69959440745523,-0.469358761095926,-0.6918658940599383,0.0,10000,0.944460391998291,0.0066496814886925935,0.006514543949851195,710000,-36.65673959721294,0.0
71,8.805054426193237,-34.59806655160159,1.5754626548501938,-30.215257732785464,-40.2842744240924,0.0,3.9115877481052643,0.05,0.0068094730377197266,0.1687309741973877,0.025859805,0.013018319,-34.68944162186987,-0.46610343724917014,-0.6905495858822451,0.0,10000,0.9031453132629395,0.0034328121195730775,0.0034468674473065535,720000,-35.41234954636908,0.0
72,8.835130214691162,-34.46529332759108,1.7919897417755013,-31.013194158494432,-41.389434457052154,0.0,2.9511705231107155,0.05,0.006766080856323242,0.1575775146484375,0.024557373,0.017501768,-34.66702679244199,-0.46664461167004345,-0.6878347485642143,0.0,10000,0.9009182453155518,0.004013354683035464,0.004048106719250021,730000,-37.0278811723614,0.0
73,8.78830599784851,-34.632914876172634,1.8237733241345124,-30.00068916788142,-41.722626883833264,0.0,2.9308694533823507,0.05,0.0069887638092041016,0.16178178787231445,0.025249181,0.017153086,-34.663615600815056,-0.4669395690054219,-0.6912214003329078,0.0,10000,0.9051735401153564,0.004602389301078812,0.004466816404056204,740000,-36.51053314093645,0.0
74,8.777113199234009,-34.599073545735216,3.2831199926826398,-30.196165289711765,-73.2646029527121,0.0,3.6230759454188637,0.05,0.006504535675048828,0.1538095474243164,0.025056846,0.013725427,-34.65716139530707,-0.4696755740209602,-0.6904833409291582,0.0,10000,0.903454065322876,0.009450205051616646,0.009678213492608369,750000,-36.56005319669304,0.0
75,8.812737941741943,-34.37225148057105,1.9759254562590292,-31.23918533760578,-46.01439090696533,0.0,2.8959673098037046,0.05,0.006528139114379883,0.15652227401733398,0.025612785,0.01660868,-34.62867040383347,-0.46864037165522104,-0.6860365283278799,0.0,10000,0.8761553764343262,0.005442595311347246,0.0054144562174799045,760000,-36.99905250855076,0.0
76,8.845566511154175,-34.44866729804496,4.051860573594724,-30.672921552704686,-86.88419763818521,0.0,3.59110987616154,0.05,0.006748199462890625,0.14264822006225586,0.025006855,0.012897514,-34.61067009325462,-0.47102283578604004,-0.6876178642824701,0.0,10000,0.863541841506958,0.01596139851786017,0.01595488693773752,770000,-36.5989344145715,0.0
77,8.898407220840454,-34.39420944718163,3.4100922232534434,-30.227955322126352,-74.35954385197131,0.0,3.1083542385246345,0.05,0.00680088996887207,0.15193438529968262,0.02534412,0.015151714,-34.58902402864732,-0.47119317646539266,-0.6864781185624677,0.0,10000,0.8543384075164795,0.012035553355402679,0.011979254864720772,780000,-36.24173416543442,0.0
78,8.86104679107666,-34.70161417756413,3.50774793888697,-30.233724305107803,-72.83361797821496,0.0,3.6352602759507002,0.05,0.006852626800537109,0.14255547523498535,0.025157651,0.013141757,-34.60028304353901,-0.47179961454465913,-0.6926391700238074,0.0,10000,0.8833339214324951,0.011386416979744645,0.011687367188584642,790000,-36.04275769923124,0.0
79,8.779740333557129,-34.609777263827034,2.4653615261378854,-30.768850618767654,-58.361542631407346,0.0,3.2542866168874407,0.05,0.0068166255950927734,0.1446845531463623,0.025689246,0.015006406,-34.60123246556781,-0.46902404096800937,-0.6908392947131939,0.0,10000,0.8843004703521729,0.0072583565893831895,0.007128718858387236,800000,-35.367597733513485,0.0
80,8.78752851486206,-34.37694506318766,1.6908333010130758,-30.861255475280945,-40.66434378065441,0.0,2.5894520544831265,0.05,0.0069544315338134766,0.14437532424926758,0.02560267,0.017680332,-34.5788037253298,-0.46624638896846543,-0.6861217605236314,0.0,10000,0.8974497318267822,0.003986751690791354,0.003792138202500319,810000,-37.12953385935729,0.0
81,8.935584306716919,-34.57986163473386,1.5915665529869147,-30.14081354027407,-39.318247434659604,0.0,2.9328721299042213,0.05,0.006897449493408203,0.14519381523132324,0.024138257,0.016549988,-34.5789095162702,-0.4655112960673794,-0.6901804769243105,0.0,10000,0.9040842056274414,0.003507562305587,0.003524808405562647,820000,-35.575126517939076,0.0
82,8.804316282272339,-34.5287712151724,2.0492130961095003,-30.65610774612496,-53.821249883752074,0.0,3.1722532234216727,0.05,0.0068018436431884766,0.1469590663909912,0.025914138,0.014550876,-34.57389568616043,-0.4678592989916028,-0.6891925631824302,0.0,10000,0.9070758819580078,0.004545704620143996,0.004510980402015989,830000,-36.412098258063594,0.0
83,8.829933404922485,-34.72445009264543,2.89655740420383,-30.562566850297543,-68.74779996797004,0.0,3.9226097311922117,0.05,0.006796360015869141,0.14814400672912598,0.024139976,0.0109816855,-34.58895112680893,-0.46961458154791813,-0.6930850794414743,0.0,10000,0.8877518177032471,0.008715066221373259,0.00889098992961082,840000,-36.20387309720369,0.0
84,8.977217674255371,-34.3016005394464,1.5444378077766805,-30.748416876566093,-38.541947212947775,0.0,3.8193038494428926,0.05,0.006531953811645508,0.14602899551391602,0.02524177,0.013644227,-34.56021606807268,-0.46563897333225795,-0.684627366293326,0.0,10000,0.8928487300872803,0.0030843342371133444,0.0030355795905170576,850000,-36.23353740372616,0.0
85,8.856411933898926,-34.32580888999775,1.686792891721773,-30.190866721677406,-39.28996168229974,0.0,3.0964256875782166,0.05,0.006955146789550781,0.15059781074523926,0.024145773,0.016390596,-34.53677535026519,-0.4657356453522575,-0.6850645898521691,0.0,10000,0.8928401470184326,0.0036743510827923994,0.003981948099796785,860000,-35.303879951107916,0.0
86,8.85180926322937,-34.94130371877576,6.329741282669621,-30.607473983631117,-118.77475787094014,0.0,3.9687844152301643,0.05,0.006989240646362305,0.15675759315490723,0.025646945,0.010325941,-34.57722818711625,-0.4754938367552722,-0.6972169974794764,0.0,10000,0.8711326122283936,0.035515496585969676,0.035521684752640545,870000,-35.58265328883522,0.0
87,8.90489149093628,-34.45944286334397,1.7867702580893112,-29.666733378397144,-41.61773681080075,0.0,3.828412804813343,0.05,0.007073879241943359,0.16721034049987793,0.02402928,0.012331085,-34.56544965473902,-0.466612256111245,-0.6877210858418695,0.0,10000,0.8661215305328369,0.0046274386619780195,0.0042483559345477965,880000,-35.923357310576996,0.0
88,8.805572986602783,-34.3799455124252,1.6719040502472227,-31.090533280142203,-38.86650158815932,0.0,3.6706909171041575,0.05,0.006723642349243164,0.15359783172607422,0.023961592,0.012174121,-34.546899240507635,-0.46604700194902393,-0.686218059736494,0.0,10000,0.879697322845459,0.003411403896394224,0.0033384164443598942,890000,-35.5673135524544,0.0
89,8.814207553863525,-34.582896929127095,1.6603633928789425,-30.231317644172254,-39.45388682436135,0.0,3.9716068752322675,0.05,0.0066378116607666016,0.17593693733215332,0.025197903,0.012127591,-34.55049900936958,-0.46628085955300563,-0.69023844153845,0.0,10000,0.8890457153320312,0.0037185106165097655,0.003804473843921295,900000,-36.58087850773232,0.0
90,8.982425689697266,-34.26437285013566,1.6030817320292094,-30.66169929786398,-38.99335225737826,0.0,3.5945765571706736,0.05,0.00889134407043457,0.16440391540527344,0.02550728,0.013829194,-34.52188639344619,-0.46618002286107924,-0.6838507464753337,0.0,10000,0.9024899005889893,0.003212698547690052,0.0031868674278018433,910000,-35.03697185389143,0.0
91,8.838467836380005,-34.444538870856675,3.0344291133753485,-30.78946696605126,-69.79443125946835,0.0,3.062613818693515,0.05,0.00696873664855957,0.14928936958312988,0.026033526,0.013307961,-34.51415164118723,-0.4699047592887918,-0.6874964688936653,0.0,10000,0.885181188583374,0.00814625116961741,0.008023635503628413,920000,-36.00532828586893,0.0
92,8.861636638641357,-34.175261203772344,1.5720558658426258,-29.99550711837741,-38.20311721056677,0.0,3.6316774552181124,0.05,0.006821393966674805,0.1456010341644287,0.023477932,0.013969005,-34.480262597445744,-0.46593217381480323,-0.6820969144029505,0.0,10000,0.9124495983123779,0.003109670893234539,0.003148829157458024,930000,-34.77993037569766,0.0
93,8.830142736434937,-34.155372247521875,1.8356531081560639,-30.57530670038092,-45.33117195713383,0.0,2.7537720334552245,0.05,0.006943464279174805,0.15537309646606445,0.024150988,0.017145608,-34.44777356245336,-0.4666346438724625,-0.6817086671304352,0.0,10000,0.9107866287231445,0.005020369885229214,0.005068270548981133,940000,-36.05853722315195,0.0
94,8.802160501480103,-34.401478060772014,2.2356621135741173,-30.259595403696597,-54.90343734224751,0.0,3.463661039538725,0.05,0.007264852523803711,0.15373730659484863,0.023255656,0.012103961,-34.443144012285224,-0.4682116807914214,-0.6866636235640555,0.0,10000,0.8949582576751709,0.0057900063785956525,0.005417702595276778,950000,-35.720749506342806,0.0
95,8.969083547592163,-34.466528810478394,3.8854439459494787,-30.728679215761993,-85.11083223760902,0.0,4.113439225576796,0.05,0.006593942642211914,0.16317486763000488,0.024871571,0.010537888,-34.445482492104546,-0.47071041585314616,-0.6879331874116948,0.0,10000,0.9101028442382812,0.015024432306873652,0.015109972178315584,960000,-36.2186513910943,0.0
96,8.843822956085205,-34.47322344587281,1.7611839784161338,-30.403087764701635,-44.2808015429959,0.0,3.4738222308931856,0.05,0.006805896759033203,0.1581583023071289,0.024527106,0.014116037,-34.448256587481374,-0.4674064414248057,-0.688058269164777,0.0,10000,0.8890106678009033,0.004075019250978592,0.003950684093795692,970000,-35.470012212012556,0.0
97,8.795811891555786,-34.219714696306916,1.6526078143447884,-30.24034218905706,-39.621768319052016,0.0,3.707523375159596,0.05,0.006772279739379883,0.1743769645690918,0.021370156,0.012077041,-34.42540239836393,-0.46568298657405505,-0.6829846501263939,0.0,10000,0.8609187602996826,0.0037080440159708195,0.003704664167437285,980000,-35.62599975651974,0.0
98,8.974230289459229,-34.373898821411935,2.013030857239638,-30.31584142458988,-46.59003565580817,0.0,3.7744534795794102,0.05,0.007009029388427734,0.16071414947509766,0.024444778,0.01313847,-34.42025204066873,-0.46739491771163894,-0.6860687668458363,0.0,10000,0.862138032913208,0.00486774929393872,0.004957259450031263,990000,-36.863183385916905,0.0
99,8.763830423355103,-34.47130626539596,1.9588778941043243,-29.92910235435462,-40.76418775291158,0.0,3.391827014751089,0.05,0.006819248199462891,0.15154552459716797,0.023575556,0.015049512,-34.42535746314145,-0.46678669583692084,-0.6879986492681363,0.0,10000,0.8760151863098145,0.005034472673587003,0.004939375634242737,1000000,-35.36826339887805,0.0
100,8.814038515090942,-34.2736791481246,1.606296437081097,-30.88736002887848,-39.64549094679262,0.0,3.759784064493647,0.05,0.0068359375,0.1624162197113037,0.02389273,0.012275048,-34.41018963163977,-0.465636283028275,-0.6840825203737987,0.0,10000,0.8865470886230469,0.0032124576830867154,0.0033189136257417923,1010000,-36.35619797550905,0.0
101,8.986682891845703,-34.57765982385247,2.8433337340009452,-29.67081214001623,-66.58882020756353,0.0,2.9448811775441244,0.05,0.006536960601806641,0.15720558166503906,0.025839726,0.01594089,-34.42693665086104,-0.46892584976172985,-0.6901804977643623,0.0,10000,0.878077507019043,0.008219106512501595,0.00822395103385202,1020000,-35.71250216176175,0.0
102,8.942511796951294,-34.40240161622435,1.6814144374129874,-30.60195985665752,-40.60335757247758,0.0,3.9927956953712553,0.05,0.006614208221435547,0.14443635940551758,0.024944378,0.011595031,-34.42448314739737,-0.4657136256361734,-0.6866219790583582,0.0,10000,0.877164363861084,0.0037947931595646973,0.0037621053073390236,1030000,-35.66697510925859,0.0
103,8.864789485931396,-34.18544567264035,1.5887736449263183,-30.44680855429818,-38.51887879644788,0.0,3.7175830573020967,0.05,0.006648540496826172,0.1540071964263916,0.024830855,0.012598545,-34.40057939992167,-0.4659865033792421,-0.6823198866367176,0.0,10000,0.8808913230895996,0.0033976431489568045,0.0031454322529664725,1040000,-36.28579775747953,0.0
104,8.816039800643921,-34.261117377536394,1.6689236827438227,-29.868411497617828,-39.671362360379085,0.0,3.6520679128062703,0.05,0.007056474685668945,0.15758800506591797,0.024545023,0.013828756,-34.38663319768314,-0.46567666406072034,-0.6838168226533483,0.0,10000,0.8933656215667725,0.003668955555748806,0.003805840046702234,1050000,-35.446835569272146,0.0
105,8.842841863632202,-34.186609919375584,1.4189051156460124,-30.092813995715893,-37.902909730335814,0.0,3.666139709847671,0.05,0.009918689727783203,0.15903329849243164,0.025524886,0.012723159,-34.366630869852386,-0.4656413527787071,-0.6823226686701399,0.0,10000,0.8999466896057129,0.002631843097700829,0.00253738149118177,1060000,-36.79747476525575,0.0
106,8.844151020050049,-34.33009729626081,1.5918583165147282,-30.799100714738454,-40.40919764940477,0.0,2.8203012562065335,0.05,0.006555795669555664,0.16490530967712402,0.024906188,0.01778094,-34.36297751249323,-0.46586946473413543,-0.6851824920114709,0.0,10000,0.9076783657073975,0.003420735700990292,0.003486180469777122,1070000,-34.467351973460815,0.0
107,8.840179204940796,-36.190163374388455,24.111713092611943,-30.606498717522765,-375.0625835957176,0.0,3.747694423527729,0.05,0.00643157958984375,0.1432650089263916,0.023785058,0.011639932,-34.545696098682754,-0.4999336634575303,-0.7215813139477432,0.0,10000,0.8827695846557617,0.3851083323202173,0.38376914004679896,1080000,-34.8586968153525,0.0
108,8.886781930923462,-34.462112082926744,2.5658140350698653,-30.38925729760928,-63.243351190411985,0.0,3.17043928138598,0.05,0.0065326690673828125,0.15522456169128418,0.025525777,0.015144852,-34.537337697107155,-0.468688651229614,-0.6877920797677868,0.0,10000,0.888319730758667,0.009238550032993793,0.006805885468441295,1090000,-35.770690356458154,0.0
109,9.001144409179688,-34.355018102031316,1.7024800574358734,-30.540010046180978,-39.20447854906287,0.0,4.00753107304695,0.05,0.006483793258666992,0.15217232704162598,0.024600465,0.0122689055,-34.519105737599574,-0.4657817426703332,-0.6857071625872515,0.0,10000,0.8750247955322266,0.0036960712059959373,0.00358868865007092,1100000,-36.48381775103712,0.0
110,8.867395639419556,-34.31951190530338,1.669987768366365,-30.850196231623645,-39.427151021925305,0.0,3.3455627618297648,0.05,0.006487607955932617,0.15672016143798828,0.024104748,0.013568451,-34.499146354369955,-0.46603628911927136,-0.6849843087956896,0.0,10000,0.8904509544372559,0.003507809036234752,0.0034851965614154895,1110000,-35.24932786737739,0.0
111,8.922538757324219,-34.27091591983306,1.636313526872857,-30.448462199381343,-38.78845583580011,0.0,3.898402347107686,0.05,0.007784128189086914,0.15859603881835938,0.025149032,0.013118501,-34.47632331091627,-0.46575839913391476,-0.6840049395972935,0.0,10000,0.9148647785186768,0.0033844330704090237,0.0034000022187486816,1120000,-36.72650486814772,0.0
112,8.962871074676514,-34.30819691976757,1.7432243447958682,-30.52035994401914,-47.93826323024193,0.0,2.7177271176657274,0.05,0.0064737796783447266,0.1619856357574463,0.024598707,0.018090326,-34.459510671801404,-0.466623838901681,-0.6847833403660664,0.0,10000,0.9336519241333008,0.004532446093470548,0.004543735224161543,1130000,-35.53999282886549,0.0
113,8.879863977432251,-34.39947474056946,1.7542519669481225,-31.073728582261726,-42.8510905109274,0.0,3.286917088073717,0.05,0.006798744201660156,0.16182184219360352,0.026486957,0.014913247,-34.45350707867821,-0.46729303804949734,-0.6866403836571771,0.0,10000,0.9107522964477539,0.003856936427930429,0.0038848190245775066,1140000,-35.94654166509582,0.0
114,8.836616039276123,-34.21996346016674,1.9689881861267695,-29.97971992391865,-44.02681817269077,0.0,3.8091705831315976,0.05,0.007232666015625,0.16189789772033691,0.023366136,0.01191007,-34.43015271682706,-0.4675337513257328,-0.6829908569004474,0.0,10000,0.878939151763916,0.0052188475930752595,0.005121459985066157,1150000,-35.99928908250814,0.0
115,8.915849685668945,-33.97742104174171,1.6234585239489947,-27.55948678387254,-37.84509666913957,0.0,3.2942617232541926,0.05,0.0066030025482177734,0.15342378616333008,0.025626108,0.014359863,-34.384879549318526,-0.4655559443863143,-0.678192100118219,0.0,10000,0.8692221641540527,0.003541861392745727,0.003564268571595964,1160000,-36.56523201411362,0.0
116,8.877679347991943,-34.14919324450837,1.6484806811995378,-29.62713949923623,-38.22716582150383,0.0,2.6854856955234534,0.05,0.006470203399658203,0.1474015712738037,0.024719225,0.017247673,-34.36131091883751,-0.4657251130417891,-0.6815467038516041,0.0,10000,0.8737475872039795,0.0034928447547969573,0.0035158643133665663,1170000,-35.47733680966784,0.0
117,8.904630899429321,-34.432799035574426,1.9182374492888297,-29.871961601904488,-44.73511391310233,0.0,4.249697583478295,0.05,0.0063648223876953125,0.14928317070007324,0.02517227,0.011039143,-34.368459730511205,-0.46768838040550265,-0.6872411588332942,0.0,10000,0.8646202087402344,0.004829404686755464,0.004681440543918825,1180000,-35.65947773876838,0.0
118,9.005706787109375,-34.11440127882806,1.6312187824662643,-29.811494754191354,-38.21753550327883,0.0,3.8771254467606977,0.05,0.006501674652099609,0.14331912994384766,0.022034407,0.011017148,-34.34305388534289,-0.4657549592512478,-0.6808816888381551,0.0,10000,0.8922762870788574,0.0037979811674493254,0.003480373491589001,1190000,-36.631516398499656,0.0
119,8.865307807922363,-34.284332959506855,2.42941826116159,-30.03550347489753,-59.38446594541441,0.0,2.5714980970276593,0.05,0.006634235382080078,0.14178133010864258,0.02561238,0.015493827,-34.33718179275929,-0.4692984620095939,-0.6843051822071113,0.0,10000,0.8611125946044922,0.005095753625472689,0.005038955162644353,1200000,-35.70192285429524,0.0
120,8.883882522583008,-34.17902587975389,1.5964669681008328,-30.032379970819804,-40.063678076633536,0.0,3.9635055280356895,0.05,0.006696224212646484,0.14613986015319824,0.025542455,0.012292667,-34.32136620145875,-0.4656379143396229,-0.6821778563163525,0.0,10000,0.8538355827331543,0.0033326689444526094,0.0033154135414146194,1210000,-35.52020930271493,0.0
121,8.880229234695435,-34.15133895448866,1.6028161465755082,-30.43695288262874,-39.782795853652104,0.0,2.9064891287896493,0.05,0.0066030025482177734,0.14186644554138184,0.024442213,0.01637615,-34.30436347676174,-0.46590767418766066,-0.681645355210337,0.0,10000,0.8678522109985352,0.0033260030504431042,0.0033306450494774227,1220000,-37.021267156914206,0.0
122,8.883599996566772,-34.07208786118337,1.5969106976561482,-30.529640094066558,-38.63362750557473,0.0,3.5058874698840503,0.05,0.007235288619995117,0.14252471923828125,0.019636393,0.011572836,-34.281135915203905,-0.46592061752976194,-0.6800293602193603,0.0,10000,0.8804242610931396,0.0035075139190504433,0.0035482443779301332,1230000,-35.228932395699275,0.0
123,8.896513223648071,-34.29105946177488,1.850744276432546,-30.33654425500194,-42.402527199245895,0.0,3.442157146276946,0.05,0.006844043731689453,0.1402132511138916,0.01854901,0.010976775,-34.282128269861005,-0.4662964576803323,-0.6844300599520959,0.0,10000,0.9126913547515869,0.004531670409264347,0.004545880278349745,1240000,-37.03519893465109,0.0
124,8.801883935928345,-34.21052059074923,1.5662457684722726,-31.180953518285065,-39.133570297498224,0.0,3.0079957138409483,0.05,0.006522178649902344,0.14313292503356934,0.022268612,0.015756274,-34.274967501949824,-0.4654846420577655,-0.6827824185821378,0.0,10000,0.9047682285308838,0.003371970372684864,0.0034090690766260976,1250000,-34.75866126617959,0.0
125,8.930310249328613,-34.21062991685643,1.6677096853391635,-30.318436068683248,-39.11779857157151,0.0,2.8454508510859005,0.05,0.006381988525390625,0.14836525917053223,0.024949377,0.016886242,-34.268533743440486,-0.466245669810026,-0.6828014958313398,0.0,10000,0.8753838539123535,0.003908643936171494,0.0038959192620782864,1260000,-37.392541687157745,0.0
126,8.876153230667114,-34.14868820535075,1.4336624391969188,-30.644562936375067,-37.78721125123167,0.0,3.220573769873367,0.05,0.006844520568847656,0.15153765678405762,0.024522457,0.015602052,-34.256549189631514,-0.46560814234517506,-0.6815685719963792,0.0,10000,0.8930165767669678,0.0030106669532956897,0.0029224720755764177,1270000,-35.42228297235621,0.0
127,8.866995096206665,-33.99410009459213,1.6591883706300414,-30.676273945646898,-39.6726104758726,0.0,4.268132084188546,0.05,0.007193803787231445,0.14479660987854004,0.025246954,0.012018853,-34.23030428012758,-0.4656249954695011,-0.6784820508416662,0.0,10000,0.8918952941894531,0.0038465161942918217,0.004190893290917016,1280000,-37.04527829619439,0.0
128,8.980604648590088,-34.236308344318616,1.9684369667590222,-29.21499541519226,-44.00153642777501,0.0,3.910995098299665,0.05,0.0068280696868896484,0.1468796730041504,0.024931151,0.012623462,-34.23090468654668,-0.4679564720343184,-0.6833056134208971,0.0,10000,0.9074628353118896,0.006282706419356762,0.005538081154382774,1290000,-36.32938081988635,0.0
129,9.044569969177246,-34.261124434081424,1.830741313569138,-30.866933197415335,-45.93996741670024,0.0,3.5569241104969214,0.05,0.006585597991943359,0.14520478248596191,0.023832072,0.014447112,-34.23392666130015,-0.4671568649525512,-0.6838091753876253,0.0,10000,0.9217391014099121,0.004036571120643936,0.004023851482069777,1300000,-36.384761143828925,0.0
130,8.983124256134033,-34.22417743777164,2.8700601429580974,-30.1195014796969,-65.9465155935599,0.0,3.032386115232669,0.05,0.006650686264038086,0.14745068550109863,0.0258339,0.016177816,-34.23295173894731,-0.4691898251185155,-0.6830891626181338,0.0,10000,0.9186017513275146,0.007900598174781046,0.007894413273212575,1310000,-37.95573150167829,0.0
131,8.868740558624268,-34.10374914434907,1.8930508594736326,-29.57535817508698,-41.90537684250267,0.0,2.6416613949207224,0.05,0.006491184234619141,0.1494905948638916,0.024763804,0.018293528,-34.22003147948748,-0.4659361977851323,-0.6806856419494861,0.0,10000,0.9179940223693848,0.004908597898332915,0.004950593890251966,1320000,-36.49140582778968,0.0
132,8.97692084312439,-34.207226895159764,1.6107958313490276,-30.990613160559334,-42.58338961221178,0.0,4.385783213366716,0.05,0.0066890716552734375,0.1517634391784668,0.02370091,0.010194635,-34.218751021054715,-0.46683145948079086,-0.6827427081760129,0.0,10000,0.9073824882507324,0.0038895325846447924,0.0038435062148388355,1330000,-36.2544184188641,0.0
133,8.914917945861816,-34.114347375192246,1.8134365949805358,-30.244532593312254,-42.41396359832877,0.0,4.223367441563418,0.05,0.007413625717163086,0.14881563186645508,0.024289938,0.012289041,-34.20831065646847,-0.46699621506802375,-0.6808854224809551,0.0,10000,0.8987200260162354,0.004053487169921586,0.004029106444137767,1340000,-36.76553916274513,0.0
134,8.89741563796997,-34.0588804609572,1.6692353972020948,-30.287840229077794,-42.312488000958,0.0,3.4107847091575483,0.05,0.007036685943603516,0.15249037742614746,0.025562657,0.014269171,-34.193367636917344,-0.46658865399870986,-0.6797824258848388,0.0,10000,0.9052305221557617,0.003533627878891106,0.0035381552475046846,1350000,-37.26081090481121,0.0
135,9.063910484313965,-33.900905559672495,1.5670638126365264,-29.803879989669415,-38.64949350750842,0.0,4.510822838563888,0.05,0.006407737731933594,0.14390087127685547,0.024996849,0.010737335,-34.16412142919286,-0.4656286423639537,-0.6766618805295065,0.0,10000,0.914268970489502,0.00343844277537486,0.003442959267760936,1360000,-35.97206396840665,0.0
136,8.838920831680298,-34.256935676560346,1.6394651978120502,-30.50931483559712,-40.444591486745075,0.0,3.5812276369914393,0.05,0.006430149078369141,0.15221142768859863,0.024354376,0.013571031,-34.17340285392961,-0.46581670450295015,-0.6837247935205069,0.0,10000,0.9399464130401611,0.004566574893663237,0.0037596782879729725,1370000,-37.032512446972,0.0
137,8.846274375915527,-33.93760515556853,1.5078268611611374,-29.713089230663865,-38.02696912403099,0.0,3.2608177906600466,0.05,0.0067403316497802734,0.15959429740905762,0.02519783,0.015719894,-34.1498230840935,-0.46595274693655075,-0.6773574965255097,0.0,10000,0.9090921878814697,0.002978452828531113,0.0029834136253868923,1380000,-36.58454991429696,0.0
138,9.028451204299927,-33.993977736312196,1.6089688175316474,-30.622438816264076,-39.1550026576807,0.0,4.328065010710387,0.05,0.006737947463989258,0.16534662246704102,0.024696514,0.011075373,-34.13423854931537,-0.4659556690104392,-0.6784752138305761,0.0,10000,0.8982534408569336,0.0036139916652087383,0.003606984366246702,1390000,-36.248464151104514,0.0
139,8.814224481582642,-33.77579547391961,1.6280350397818475,-30.25264376059527,-43.55487533675112,0.0,3.655673603629045,0.05,0.00743556022644043,0.15142107009887695,0.024078045,0.01337864,-34.09839424177579,-0.4662895309343419,-0.6741027307628298,0.0,10000,0.8964157104492188,0.003846835962120817,0.0038191149789146683,1400000,-35.14349058712775,0.0
140,8.873222351074219,-34.0241839863514,1.7253360737515326,-30.657905899678052,-40.128440804828685,0.0,2.8662331184199306,0.05,0.0073587894439697266,0.14439177513122559,0.02211684,0.015008249,-34.09097321623335,-0.4665836619920094,-0.679095411360271,0.0,10000,0.8925096988677979,0.00402766501345142,0.0041169342651872125,1410000,-37.09496881672896,0.0
141,8.84520697593689,-34.21256942438796,1.8265399952800803,-30.62889554631474,-43.88173729595219,0.0,3.843373977696823,0.05,0.006945610046386719,0.14311718940734863,0.022580482,0.011616705,-34.10313283704881,-0.4671957786339783,-0.6828544436389717,0.0,10000,0.8942866325378418,0.005232207537525361,0.004869207765220165,1420000,-35.268373936438294,0.0
142,8.938226222991943,-34.05697038467259,1.7991619596138402,-30.77916123472641,-44.95523117522455,0.0,3.210303610605234,0.05,0.006876230239868164,0.1472947597503662,0.025084617,0.015663749,-34.09851659181119,-0.46689238939660355,-0.6797441722994135,0.0,10000,0.9069962501525879,0.0040708444016649085,0.0040803350427255705,1430000,-37.376702194946354,0.0
143,8.882311344146729,-34.17539945011906,1.657024877495617,-30.311161716969323,-38.762543995279074,0.0,2.5212023411057833,0.05,0.006523609161376953,0.14270377159118652,0.02518206,0.018729165,-34.10620487764198,-0.4659344640333319,-0.6821297812213697,0.0,10000,0.8743646144866943,0.003864594014421889,0.00456020597032869,1440000,-34.85889360803866,0.0
144,8.91913890838623,-33.96446945845947,1.7360039256018835,-30.03308950939495,-39.49248211606574,0.0,3.299971751071961,0.05,0.0063648223876953125,0.1431732177734375,0.022127647,0.01333039,-34.092031335723725,-0.46675446604684856,-0.6779104681845428,0.0,10000,0.8854231834411621,0.00446408997211706,0.00410611676935803,1450000,-35.84497928719908,0.0
145,8.992119789123535,-34.08824635860063,1.9999725441665681,-30.5721854561542,-53.37059716326935,0.0,4.005747942021257,0.05,0.006688356399536133,0.14807462692260742,0.025328472,0.011510923,-34.09165283801141,-0.4679468005924567,-0.6803555525340437,0.0,10000,0.8850724697113037,0.0046732335991034836,0.004674820877527267,1460000,-34.24876018999997,0.0
146,9.037684440612793,-34.05635883178111,1.5450049480141608,-30.111293219077513,-41.3659998243541,0.0,3.1953856712494892,0.05,0.0065462589263916016,0.1546037197113037,0.024492107,0.01452308,-34.08812343738838,-0.46707180817950755,-0.6797226996619081,0.0,10000,0.8899617195129395,0.0031874877952934805,0.0031701889304325635,1470000,-35.317051591380114,0.0
147,9.008656978607178,-33.78823281864175,1.5797003762965836,-30.252269746197577,-39.286468027019495,0.0,3.9417974458626333,0.05,0.006690263748168945,0.14937210083007812,0.025635416,0.011756992,-34.05813437551372,-0.46689479150338437,-0.6743771307516798,0.0,10000,0.8840079307556152,0.003335327914305947,0.0032674875519298654,1480000,-34.53577268266286,0.0
148,8.959233283996582,-34.0165511695943,1.5263166565423039,-30.082434623599063,-37.87618748279222,0.0,3.737311327913847,0.05,0.006953001022338867,0.15601706504821777,0.022160765,0.012218386,-34.053976054921776,-0.4660234732335484,-0.678932435480248,0.0,10000,0.872570276260376,0.0029170739819913455,0.0029039900638477916,1490000,-34.92835499465229,0.0
149,9.165791749954224,-33.975694159468645,2.575290325629935,-28.4000114181513,-60.11206976923457,0.0,3.2739641745049735,0.05,0.0068662166595458984,0.14629554748535156,0.025057198,0.012713791,-34.04614786537646,-0.46911769539491255,-0.6781311844527153,0.0,10000,0.8663926124572754,0.008297820326640745,0.008431612173501494,1500000,-35.209876874194904,0.0
150,8.925803661346436,-34.61003701256127,10.619494885360671,-30.720126145422697,-182.8826159279071,0.0,4.776349325987738,0.05,0.006876707077026367,0.14688944816589355,0.025690418,0.009552018,-34.102536780094944,-0.48187294525046054,-0.6908279926094363,0.0,10000,0.8642852306365967,0.1268790070352475,0.12671357009489692,1510000,-34.145502654334365,0.0
151,8.99800419807434,-34.03350309670515,1.5981347846112377,-30.440288918830703,-41.497539337371165,0.0,3.366186076670784,0.05,0.006949663162231445,0.1450023651123047,0.024842689,0.013777096,-34.09563341175597,-0.4664812539028733,-0.6792643749025212,0.0,10000,0.8562753200531006,0.003535103841056972,0.0034303017651570364,1520000,-35.578841038192365,0.0
152,8.988862037658691,-34.02291577112153,1.4666536461441664,-30.65262842635757,-38.343727768979036,0.0,3.1384843852782454,0.05,0.006529808044433594,0.15222573280334473,0.025487619,0.015497925,-34.08836164769253,-0.4658528415924645,-0.679087621152633,0.0,10000,0.8609340190887451,0.003000504290751276,0.0030050080625416303,1530000,-34.32865225828008,0.0
153,8.980690240859985,-33.94764697528805,1.5720002867044354,-30.265159757524767,-39.459222459314404,0.0,3.3284924700716325,0.05,0.006631612777709961,0.1454453468322754,0.020706957,0.013334329,-34.07429018045208,-0.46641805971449346,-0.6775988961521433,0.0,10000,0.9020256996154785,0.0031484264316656934,0.0031876406105533737,1540000,-34.348755316337126,0.0
154,8.963857412338257,-33.90088309158843,1.5864179783901817,-30.464860261045608,-39.581493929120015,0.0,3.43528609234324,0.05,0.006528139114379883,0.1466357707977295,0.0243584,0.014805512,-34.056949471565716,-0.4665378642424088,-0.6766437281387613,0.0,10000,0.9120776653289795,0.0033714811015458377,0.0032986182695896246,1550000,-35.37284017462559,0.0
155,9.080942392349243,-33.729074042062194,1.7918208983630208,-29.734787970133475,-47.23017408142726,0.0,3.353552612378723,0.05,0.006707429885864258,0.14330625534057617,0.02504604,0.014875668,-34.024161928615364,-0.46730225380854307,-0.6732133559034185,0.0,10000,0.8936066627502441,0.003911274393004961,0.003930744755312666,1560000,-34.595180732794475,0.0
156,8.960100889205933,-33.864207384262,1.4649436577554924,-30.01446454536966,-38.0239332182116,0.0,3.1776943630273977,0.05,0.006754636764526367,0.1541893482208252,0.023958532,0.016176354,-34.00816647418003,-0.46591715220511026,-0.6759198324622429,0.0,10000,0.8753499984741211,0.0028750305208221443,0.002772622438351769,1570000,-34.70837520428965,0.0
157,9.037642478942871,-33.83821040954448,1.5498092147627665,-30.768291150037154,-40.7741941102247,0.0,3.7590048349221976,0.05,0.00690007209777832,0.16451501846313477,0.025939144,0.012672918,-33.99117086771648,-0.4663716890964939,-0.6754622542503091,0.0,10000,0.8715896606445312,0.003188181525766052,0.003229443839681717,1580000,-34.139287005611074,0.0
158,9.081717014312744,-34.006205851016105,2.573788019856405,-30.49365355190585,-57.00148395732194,0.0,2.816863869854046,0.05,0.006799459457397461,0.17333269119262695,0.023623724,0.013097103,-33.992674366046444,-0.47034974236223365,-0.678750547084384,0.0,10000,0.8831057548522949,0.006566816213452362,0.006595881346361033,1590000,-34.02180985195989,0.0
159,8.89052152633667,-33.863759060098374,1.5930483388844174,-30.41062143154659,-43.030117485085114,0.0,3.80068745434125,0.05,0.006874561309814453,0.1435410976409912,0.025306214,0.012957955,-33.97978283545164,-0.4665732572105567,-0.6758829308313345,0.0,10000,0.8928065299987793,0.003679612502287236,0.0036061865400484495,1600000,-33.94102978642245,0.0
160,8.9254789352417,-33.92787473236469,1.825599964156855,-30.111155954235834,-47.796926684474926,0.0,4.282409109454978,0.05,0.006779670715332031,0.16290521621704102,0.022547374,0.0100507615,-33.97459202514294,-0.4683859171591899,-0.6772149617199469,0.0,10000,0.9170913696289062,0.004055913018933992,0.004185912331831946,1610000,-32.846093484051615,0.0
161,8.974201679229736,-33.868017469079035,1.753105878461899,-30.432410467219057,-43.69165061466816,0.0,3.6843487485611455,0.05,0.006958961486816406,0.15795326232910156,0.024933586,0.012908345,-33.96393456953655,-0.4673421993756953,-0.6759914311313253,0.0,10000,0.8787710666656494,0.0044481265941319365,0.004367199142663725,1620000,-34.1101843638416,0.0
162,8.907291889190674,-33.84718648133452,1.628396368097059,-30.52170123310391,-43.89039968784387,0.0,3.7699024612314664,0.05,0.006635427474975586,0.15175390243530273,0.02498219,0.013572875,-33.952259760716345,-0.46716368242738354,-0.6755773226905935,0.0,10000,0.8604335784912109,0.00374963428358607,0.0037450481752447926,1630000,-33.94264326358307,0.0
163,8.946842908859253,-34.246953661189764,2.7137588325698756,-30.5598490626384,-65.79846766877576,0.0,3.43695575755333,0.05,0.006793022155761719,0.14939165115356445,0.02530365,0.012681756,-33.98172915076369,-0.47032973005762657,-0.6835614596935474,0.0,10000,0.8782341480255127,0.00780355773666417,0.007665473472366969,1640000,-34.21971757559471,0.0
164,8.90015983581543,-33.886467051886726,1.4147146277855995,-30.439507553908328,-38.26395366472338,0.0,4.447918085012984,0.05,0.0067937374114990234,0.1527259349822998,0.024347946,0.011090453,-33.972202940875995,-0.4663985061105025,-0.6762938954913079,0.0,10000,0.8978579044342041,0.002938363651593373,0.0028305557903348156,1650000,-34.68439114655526,0.0
165,8.885907173156738,-33.93277443553475,1.8599140807974008,-30.172680870679084,-48.046909954531536,0.0,4.590571991317161,0.05,0.006891012191772461,0.14809489250183105,0.024430819,0.011197017,-33.96826009034187,-0.46814875244605403,-0.6772835871096311,0.0,10000,0.8981091976165771,0.00397689388666874,0.004152944775890905,1660000,-34.24966333897817,0.0
166,9.047531366348267,-33.77632191827897,1.7565869029887644,-30.51962345232717,-48.618838594748055,0.0,3.236085342694393,0.05,0.006577491760253906,0.15497493743896484,0.020967776,0.011863989,-33.949066273135585,-0.4673586635852726,-0.6741744462293484,0.0,10000,0.902472972869873,0.005245421448783053,0.004921107929048193,1670000,-36.02986656439957,0.0
167,8.799018621444702,-34.16848017163979,1.5734099378303026,-30.76775492055275,-39.79360582640858,0.0,3.009492828664802,0.05,0.006663799285888672,0.1560993194580078,0.024109565,0.016114302,-33.97100766298601,-0.46558856288718486,-0.6819567992717852,0.0,10000,0.8746075630187988,0.0043387186595107985,0.00390769592245352,1680000,-33.57317510351781,0.0
168,9.030665874481201,-33.76441615198664,2.4114300372456166,-30.08008918584043,-59.96302075240792,0.0,3.462354893818382,0.05,0.006487846374511719,0.15037035942077637,0.019000513,0.010905196,-33.95034851188608,-0.46856848271212576,-0.6739341663883874,0.0,10000,0.8734047412872314,0.007036178491854201,0.007025501588388923,1690000,-33.913139360185426,0.0
169,9.0254545211792,-33.702115453908554,1.4508601264279601,-30.48319017826644,-40.40409612374212,0.0,3.2956171520975954,0.05,0.006803750991821289,0.1571810245513916,0.022681685,0.012689643,-33.925525206088324,-0.46649947968356564,-0.6726931061440888,0.0,10000,0.8997702598571777,0.0031168400668365303,0.002902484632389954,1700000,-33.317252043156515,0.0
170,8.96845817565918,-33.69945117827051,1.5481235891679888,-30.15815289289514,-38.74719296934979,0.0,3.3485224708404373,0.05,0.006232738494873047,0.14789390563964844,0.024659786,0.014022184,-33.90291780330654,-0.466568122777923,-0.6726178554604033,0.0,10000,0.888225793838501,0.0030757284059760486,0.0030659781724835795,1710000,-34.52077781349797,0.0
171,8.949023723602295,-33.856486229714015,1.6018892253157815,-30.088321656355372,-38.6604869534143,0.0,3.7444279390347512,0.05,0.006558895111083984,0.15034842491149902,0.022943268,0.011045886,-33.89827464594729,-0.4666870050484874,-0.6757744797247976,0.0,10000,0.8595089912414551,0.0034046754635216453,0.003504569519130834,1720000,-33.88547212295986,0.0
172,8.990066766738892,-34.14032679707175,2.387356009097952,-30.418314045134252,-54.210168459821105,0.0,3.733224343375059,0.05,0.00632929801940918,0.16809773445129395,0.026348075,0.013199083,-33.922479861059735,-0.4690447790102653,-0.6814112058892837,0.0,10000,0.858330249786377,0.007552091075990646,0.007555615499006784,1730000,-33.457457697165125,0.0
173,8.984420537948608,-33.72608063178955,1.6681981831754773,-30.59151322879903,-43.05644094650591,0.0,2.9027384641140643,0.05,0.006742000579833984,0.15098953247070312,0.024690287,0.017363584,-33.902839938132715,-0.4675545451237958,-0.6731507947283759,0.0,10000,0.8638834953308105,0.0044861607970329755,0.003907153446481789,1740000,-33.45753614153937,0.0
174,8.970953464508057,-34.11517787058787,2.433457355592187,-29.098908069909353,-51.759713018336754,0.0,2.8637454645214495,0.05,0.006769418716430664,0.1668257713317871,0.02297834,0.014403128,-33.92407373137823,-0.47166290232195307,-0.6809206266928287,0.0,10000,0.9038004875183105,0.006665865839062216,0.006485286298565054,1750000,-33.79246315370211,0.0
175,8.872041463851929,-33.78255952523862,1.3919496172398922,-30.340567205745838,-38.55816393833915,0.0,2.7135675894244153,0.05,0.006558656692504883,0.14587998390197754,0.023957105,0.017671531,-33.90992231076427,-0.46580077985996016,-0.6742874191298577,0.0,10000,0.9089815616607666,0.002765869980716557,0.0027668035091521683,1760000,-32.903501967612435,0.0
176,9.05383038520813,-33.929693655276076,2.302705510521741,-30.548423912542148,-57.01597806715791,0.0,3.4214857810430415,0.05,0.006417751312255859,0.14469504356384277,0.02419041,0.013607009,-33.911899445215454,-0.46945893156888785,-0.6772254264256838,0.0,10000,0.9139151573181152,0.006193383546272235,0.006203438869739641,1770000,-33.4033309734807,0.0
177,8.9121994972229,-33.861686588619925,1.4762759606322367,-31.081515361344312,-39.338171212645115,0.0,3.5475082750669684,0.05,0.006549835205078125,0.1737823486328125,0.025256,0.014526287,-33.9068781595559,-0.4662851708584903,-0.675858005155491,0.0,10000,0.9025723934173584,0.0029586361673219932,0.0029422116193636733,1780000,-33.61409247574565,0.0
178,8.94727873802185,-34.23965503061666,7.735983303094482,-30.215658510718328,-141.44051656865707,0.0,3.0506191968291674,0.05,0.0068206787109375,0.1684122085571289,0.026565319,0.0121980645,-33.94015584666198,-0.4770527795137789,-0.6834144703840022,0.0,10000,0.8814437389373779,0.06609950973983303,0.0666658553978913,1790000,-33.580644869735494,0.0
179,8.994273662567139,-34.03353142034802,2.378820223588723,-30.415102360811705,-56.381883832584215,0.0,4.207599271488331,0.05,0.008737325668334961,0.15806317329406738,0.025318736,0.012088843,-33.949493404030584,-0.470781960389335,-0.679246246246376,0.0,10000,0.862968921661377,0.00885589569846602,0.007493969081715462,1800000,-33.18880809184161,0.0
180,9.098090887069702,-33.65354696617789,1.785230579851293,-30.126083850330804,-48.096779726336166,0.0,4.531040115561136,0.05,0.006651401519775391,0.15283846855163574,0.024244117,0.011307161,-33.91989876024532,-0.46809188609382085,-0.6717452772631424,0.0,10000,0.8653411865234375,0.00420738858975542,0.0037772521737992277,1810000,-32.9262220633865,0.0
181,8.929186820983887,-33.92554249774136,1.7213444310940311,-30.31357021379067,-41.603201062366026,0.0,3.424801426692687,0.05,0.006868600845336914,0.15336012840270996,0.0249698,0.014493455,-33.92046313399492,-0.4669479868698434,-0.6771350199174273,0.0,10000,0.8672900199890137,0.004139778850539063,0.004062631760757897,1820000,-33.232638425720104,0.0
182,8.949647665023804,-33.68191356661657,1.359465048275006,-31.032927040313197,-38.41225309092077,0.0,3.152855306141006,0.05,0.006818532943725586,0.16017985343933105,0.024785602,0.015223545,-33.896608177257086,-0.4665034025396524,-0.6722559622265247,0.0,10000,0.8898718357086182,0.0024628056062752372,0.0024653395764658555,1830000,-34.01680467600198,0.0
183,9.07998776435852,-33.8312149526591,1.4179965721888002,-30.152743670467128,-40.020620850535416,0.0,2.8627208389333543,0.05,0.007047176361083984,0.15242791175842285,0.02542044,0.018451462,-33.890068854797285,-0.46608488258487873,-0.6752506350638974,0.0,10000,0.9071247577667236,0.002999803446350984,0.0029795791991697263,1840000,-33.1522725324933,0.0
184,8.917591571807861,-33.58184357018263,1.658462660173419,-29.409836952758095,-44.79647774336463,0.0,4.071026743341008,0.05,0.006641864776611328,0.14654231071472168,0.021965904,0.010657701,-33.85924632633582,-0.46719724671240903,-0.6702783517416464,0.0,10000,0.8793809413909912,0.004350354456938438,0.00436443477603944,1850000,-33.655347838931625,0.0
185,8.912625789642334,-34.05062723843679,3.104111712663047,-30.148879169672806,-72.74711561099012,0.0,2.6025587810151203,0.05,0.006653308868408203,0.16609406471252441,0.025842456,0.015735477,-33.87838441754592,-0.469911187631386,-0.679666214710227,0.0,10000,0.8565566539764404,0.009986947609302431,0.010101212999650956,1860000,-33.174435591833074,0.0
186,9.151284456253052,-33.737428208592426,1.4770063320592806,-30.67064626976282,-39.60631161181342,0.0,3.1487330815136847,0.05,0.00650787353515625,0.15189242362976074,0.025259076,0.015193641,-33.86428879665057,-0.466393234179098,-0.6733778700356013,0.0,10000,0.8819749355316162,0.0031121261548233696,0.0031625754226417358,1870000,-33.961254957545535,0.0
187,8.898700714111328,-33.70423074655014,1.4467445978047313,-30.937150131864815,-38.35066179968652,0.0,3.7268507388766827,0.05,0.006708860397338867,0.1675853729248047,0.024146253,0.013026243,-33.848282991640524,-0.46675177796172,-0.6727329657220105,0.0,10000,0.8878567218780518,0.003106912135520444,0.003096691196596285,1880000,-32.98201553313992,0.0
188,8.93247127532959,-33.791661217457246,1.846773085393042,-30.24732505644775,-46.989187368366835,0.0,3.6333979056932066,0.05,0.006490945816040039,0.14228439331054688,0.02482195,0.013073076,-33.842620814222194,-0.4681445345582562,-0.6744649954605173,0.0,10000,0.8756625652313232,0.005365918501521718,0.005476938247514771,1890000,-33.42013599799722,0.0
189,9.16935396194458,-33.72540836315869,1.8477481356491292,-30.24663290216158,-48.70470482232664,0.0,3.263643843659962,0.05,0.007009744644165039,0.14330554008483887,0.025239525,0.016021065,-33.83089956911584,-0.4676183372619546,-0.6731584634558035,0.0,10000,0.8641924858093262,0.0039127688235253925,0.003834334481657464,1900000,-33.78331811626691,0.0
190,8.879547119140625,-33.63726280246355,1.4911027312774165,-30.053994521921215,-38.98041597405283,0.0,3.438758506693568,0.05,0.006931781768798828,0.16925716400146484,0.025061987,0.014675249,-33.811535892450614,-0.46669427478874065,-0.6713464492714236,0.0,10000,0.8877878189086914,0.003245269254288339,0.003072079389308187,1910000,-33.32147857559251,0.0
191,9.063143014907837,-33.76307138277401,1.4842182909736563,-30.535431184484032,-38.52338350197962,0.0,3.6130387776021182,0.05,0.006680488586425781,0.14392662048339844,0.024677271,0.013341354,-33.80668944148296,-0.46631046239079943,-0.6738885256678862,0.0,10000,0.8973922729492188,0.002911156387896657,0.002876876089492629,1920000,-33.43805208149266,0.0
192,8.923653602600098,-33.67328993628219,1.4520528396475472,-30.018870597474905,-37.6792527984765,0.0,3.9503494663082956,0.05,0.0066890716552734375,0.15073418617248535,0.024698945,0.012643761,-33.79334949096288,-0.4661552624879243,-0.6720858083048137,0.0,10000,0.9377336502075195,0.0028820107139090217,0.0028637591597237165,1930000,-33.02305218422726,0.0
193,9.039279222488403,-33.567820997930355,1.490870778791812,-30.057844001799985,-39.55281955423386,0.0,3.553236898897524,0.05,0.007234334945678711,0.1437692642211914,0.024846619,0.013186685,-33.77079664165963,-0.46707898735330206,-0.6699648499983287,0.0,10000,0.9215059280395508,0.0030157259445160304,0.002998328904483986,1940000,-33.42829705043265,0.0
194,8.937521696090698,-33.7563657472902,1.578763717615406,-30.09457397491512,-42.01718993144402,0.0,4.779172006814336,0.05,0.006819963455200195,0.1539318561553955,0.024248889,0.010444093,-33.76935355222269,-0.4667987875108875,-0.6737659319345507,0.0,10000,0.9095718860626221,0.003671072828239286,0.003732016658517676,1950000,-33.09765550504228,0.0
195,8.917402744293213,-34.12543904937436,2.7575368666078797,-30.016669759350115,-59.27378303715523,0.0,3.410227762003827,0.05,0.006544351577758789,0.16071581840515137,0.025238961,0.01359112,-33.80496210193785,-0.472290741688003,-0.6811216829297305,0.0,10000,0.8973550796508789,0.008556263388989595,0.008813764906352693,1960000,-32.97467557321188,0.0
196,9.027024984359741,-33.51511111675355,1.7203252897005517,-29.583629944338572,-47.643799258342,0.0,3.5162036845051534,0.05,0.006941556930541992,0.1548900604248047,0.025300173,0.013395282,-33.77597700341943,-0.4677984479528854,-0.6689109227141676,0.0,10000,0.9083042144775391,0.003657352072276259,0.003675987780843797,1970000,-33.21548352391453,0.0
197,9.144818544387817,-33.653817916050954,1.6999556118331476,-30.502638903776553,-42.56944912737874,0.0,4.601376137642239,0.05,0.006847858428955078,0.1517775058746338,0.023522168,0.010904127,-33.76376109468258,-0.467952224425772,-0.671689032632656,0.0,10000,0.901158332824707,0.004329098754587803,0.004238680046668835,1980000,-33.11497491315993,0.0
198,9.025871515274048,-33.831732389220754,1.672561713750295,-30.460092703220482,-45.393695795224815,0.0,3.9709818629669575,0.05,0.006618499755859375,0.1441488265991211,0.022129621,0.011069969,-33.770558224136394,-0.4683943849414364,-0.6752587701416511,0.0,10000,0.9049046039581299,0.00441302339460503,0.0045295392121212745,1990000,-33.24722898355616,0.0
199,8.951509237289429,-33.64414762064357,1.6182800083874824,-30.254900386221788,-44.382030520901296,0.0,3.456674514771836,0.05,0.006647348403930664,0.15353059768676758,0.024408415,0.015385885,-33.75791716378711,-0.4680455022828285,-0.6715211859889822,0.0,10000,0.9050498008728027,0.003764490052538922,0.003484459311963594,2000000,-32.86904818197469,0.0
200,9.192939758300781,-33.82678186831324,2.67739598730229,-30.43849022549881,-54.92309424108518,0.0,3.2136397232539746,0.05,0.006522417068481445,0.16086959838867188,0.02500302,0.014997736,-33.764803634239726,-0.47229336607597483,-0.6751932396308236,0.0,10000,0.9116542339324951,0.008955431504958635,0.009901856074648236,2010000,-33.27705436659795,0.0
201,8.871128797531128,-34.126157419922386,3.056454627156286,-30.485284314798815,-59.42630020985374,0.0,3.9931680457389196,0.05,0.006430149078369141,0.1584489345550537,0.02447165,0.011604152,-33.800939012807994,-0.47350642175100593,-0.6811459965123254,0.0,10000,0.8848257064819336,0.014069648279646109,0.014013472483398957,2020000,-33.300077106201385,0.0
202,8.874884128570557,-33.66174532502488,1.8802326361422235,-30.408062409370096,-47.78396358048995,0.0,3.8134670755300575,0.05,0.006283998489379883,0.16093969345092773,0.025828708,0.012324611,-33.787019644029684,-0.4690913850219687,-0.671885637992804,0.0,10000,0.8632080554962158,0.004939929621534665,0.004952792753823343,2030000,-33.26139233870467,0.0
203,9.070634841918945,-34.21141129991942,9.336638938850037,-30.35493712887665,-163.51673489722137,0.0,2.7624327413323075,0.05,0.006298065185546875,0.16624045372009277,0.02394153,0.013279559,-33.82945880961866,-0.4814223225590675,-0.6828249460915551,0.0,10000,0.8688747882843018,0.08704121269569386,0.08660704675390847,2040000,-33.368860963385714,0.0
204,8.968789339065552,-33.56643865193971,1.7800353913143383,-30.602207983251574,-43.81299707915142,0.0,4.1045940117877935,0.05,0.006547689437866211,0.1715562343597412,0.019600261,0.008646846,-33.80315679385076,-0.4680436226711337,-0.6699377532380361,0.0,10000,0.8732516765594482,0.0054340785364892594,0.00495897040784447,2050000,-33.272014866435214,0.0
205,8.991907358169556,-33.57239370853505,1.3507991873275997,-30.5999503939283,-38.68681102593618,0.0,4.043958180966463,0.05,0.006544828414916992,0.16173291206359863,0.024261303,0.01176545,-33.78008048531919,-0.46675150789742503,-0.6700469282772707,0.0,10000,0.8662464618682861,0.002848010425071789,0.0028640375486182063,2060000,-33.02645148786618,0.0
206,9.117687940597534,-33.57760996777345,1.8393897421890224,-29.621484687246515,-48.93058183281033,0.0,3.268742348314548,0.05,0.006743907928466797,0.1495983600616455,0.02217229,0.013602783,-33.759833433564616,-0.4679198925205519,-0.6701483687504447,0.0,10000,0.8863890171051025,0.006005219987842556,0.005933897801297199,2070000,-33.1351392625949,0.0
207,8.932133436203003,-33.69049840934661,1.5938339506560615,-30.743254423463398,-41.60534542065806,0.0,3.1834819021619314,0.05,0.00648951530456543,0.15866446495056152,0.016851852,0.011056922,-33.75289993114282,-0.4670150661482535,-0.672377506781553,0.0,10000,0.8864669799804688,0.0038492517843259923,0.003789241000086369,2080000,-33.21404795268062,0.0
208,9.094356298446655,-33.48946415184556,1.5946069469470037,-29.808609721796962,-40.91887949106024,0.0,4.754354788654563,0.05,0.006852626800537109,0.1587810516357422,0.024376608,0.009916095,-33.72655635321309,-0.46756368547030397,-0.6684387486309177,0.0,10000,0.8851668834686279,0.0040708422745745826,0.004029633565589982,2090000,-33.06005901344832,0.0
209,9.017447233200073,-33.39035322036608,1.54088282718699,-30.043647795693577,-41.432928211303086,0.0,3.321628772651123,0.05,0.0062329769134521484,0.14783668518066406,0.025631994,0.015041077,-33.69293603992839,-0.46840973210376274,-0.6664434575644753,0.0,10000,0.8863615989685059,0.003640076734557205,0.0037051163557358015,2100000,-33.04158402528081,0.0
210,8.938544273376465,-33.52366463309156,1.8689361230666295,-29.280816640813235,-48.18349062989066,0.0,4.243387800331336,0.05,0.007297039031982422,0.15740323066711426,0.025819521,0.0121859545,-33.67600889924471,-0.4676956714372662,-0.6691401658517877,0.0,10000,0.883357048034668,0.0060273919564322095,0.005999622129762588,2110000,-33.21889466993253,0.0
211,8.927964687347412,-33.57224575602007,1.577150933322129,-30.940203079910987,-45.21634140500496,0.0,3.500317965535468,0.05,0.006318330764770508,0.16494226455688477,0.024638867,0.01385734,-33.66563258492224,-0.46773672217121154,-0.6701245374511201,0.0,10000,0.8980898857116699,0.003417794287868158,0.0032593283609008007,2120000,-33.28257412441093,0.0
212,8.926743984222412,-33.57594918007872,1.675961727320316,-29.54014583532746,-40.07357710816682,0.0,3.510494089674823,0.05,0.006609439849853516,0.15985798835754395,0.025098473,0.0129541615,-33.65666424443789,-0.46739355141008787,-0.6701256246239907,0.0,10000,0.8817932605743408,0.004787681005892656,0.004803420675334459,2130000,-33.332408441921444,0.0
213,8.994153499603271,-33.501436035704884,1.5485055394163694,-29.97949036148298,-41.7276544118147,0.0,3.785264650329252,0.05,0.0065729618072509766,0.15538382530212402,0.024623016,0.0125382105,-33.64114142356459,-0.4674806546413181,-0.6686422225930548,0.0,10000,0.8706235885620117,0.003780765548614394,0.0037039154596241095,2140000,-33.577546419132005,0.0
214,9.01654863357544,-33.74183057761433,1.7151879553367833,-30.562499141435726,-45.90220952664112,0.0,3.7502604264460753,0.05,0.006575822830200195,0.16664791107177734,0.024263555,0.013811631,-33.65121033896956,-0.46727118674292556,-0.67344150559511,0.0,10000,0.8716809749603271,0.004979361779870068,0.004890098857022647,2150000,-32.90435305729823,0.0
215,8.99594521522522,-33.5990001950462,1.6776348075490455,-29.8699901311134,-46.61935610362308,0.0,3.8490228545283673,0.05,0.0067331790924072266,0.16014719009399414,0.025773477,0.012912085,-33.64598932457723,-0.46744033867057555,-0.670655647878996,0.0,10000,0.8717238903045654,0.0043199414490098596,0.004678968233905296,2160000,-32.87473098807835,0.0
216,8.99277925491333,-33.61432762380572,2.7178838377631243,-29.629784480592484,-66.44882235587819,0.0,2.8734512945135977,0.05,0.006545066833496094,0.15607428550720215,0.016286612,0.010457391,-33.64282315450008,-0.470191234292287,-0.6709076844550513,0.0,10000,0.8993349075317383,0.008793516011839971,0.008424160174396948,2170000,-32.81762392937937,0.0
217,9.143229484558105,-33.60839746120023,1.728481207021714,-29.37211743332142,-45.32267375885768,0.0,3.6050837308357897,0.05,0.0068356990814208984,0.15595436096191406,0.0235473,0.012586439,-33.639380585170095,-0.4674802013437814,-0.6707933545289073,0.0,10000,0.88462233543396,0.004668225581798082,0.004734746115164565,2180000,-32.9052780871893,0.0
218,8.972414493560791,-33.476148508369626,1.7162489709131201,-30.253841863425183,-47.39577327472031,0.0,2.9575652681248443,0.05,0.006794452667236328,0.16117072105407715,0.024526393,0.014707475,-33.62305737749005,-0.46772184804833755,-0.668147287282893,0.0,10000,0.8995609283447266,0.0034712355986587745,0.0034112987325975153,2190000,-32.96564748565244,0.0
219,8.908703088760376,-33.450154989192335,2.0392918182322624,-29.897060415309877,-52.636171572053556,0.0,3.9549794455604736,0.05,0.0065877437591552734,0.16631627082824707,0.023644883,0.0113893105,-33.605767138660276,-0.46873204281043884,-0.6676533278583529,0.0,10000,0.8836395740509033,0.0053146405007933415,0.0052801623985668684,2200000,-32.89718872304012,0.0
220,9.08584713935852,-33.58466311683504,1.5561331746770255,-30.08152369794863,-42.11651054884547,0.0,3.5880843136104814,0.05,0.006741523742675781,0.16820144653320312,0.023992358,0.0135367885,-33.60365673647775,-0.46715350270525396,-0.6703353029114367,0.0,10000,0.8817143440246582,0.0040252442620135965,0.003991494003793242,2210000,-32.8253122733315,0.0
221,9.086897611618042,-33.563085422265196,2.1146975071908085,-30.01214499568634,-49.38001992440541,0.0,2.8788782471206305,0.05,0.006903171539306641,0.15397095680236816,0.025808215,0.01627724,-33.5995996050565,-0.4697529966563355,-0.6699134114354496,0.0,10000,0.9026145935058594,0.007456320998079951,0.007554878283473215,2220000,-33.16259892260071,0.0
222,8.88862156867981,-33.581044526328476,1.973900476864922,-30.039369044476082,-44.347750481949994,0.0,3.620590361511595,0.05,0.00698399543762207,0.17207646369934082,0.019964792,0.010402506,-33.59774409718369,-0.4677524669532181,-0.6702243771622909,0.0,10000,0.9073634147644043,0.00630670860555435,0.006270787088606762,2230000,-33.173497404822484,0.0
223,9.01714277267456,-33.30131386387444,1.414497464569321,-30.259791483758413,-39.35346940745641,0.0,4.386691340046462,0.05,0.006589651107788086,0.16506552696228027,0.0241562,0.011243295,-33.568101073852766,-0.4667385867990271,-0.6645850932892327,0.0,10000,0.9064078330993652,0.003004400147457336,0.00300026531201771,2240000,-32.91166613402479,0.0
224,8.978109121322632,-33.281601443484284,1.4497743097444475,-29.329258038887048,-38.00413488264388,0.0,4.4569211597435014,0.05,0.006299495697021484,0.14291143417358398,0.024023443,0.010655816,-33.53945111081592,-0.46659007507833616,-0.6643136638908306,0.0,10000,0.9154152870178223,0.003443543980766668,0.003489300543046482,2250000,-32.869432591966294,0.0
225,9.140053987503052,-33.511625488899305,2.65645025289705,-30.126719341869077,-58.177891449544944,0.0,3.206309198503799,0.05,0.0064470767974853516,0.14951801300048828,0.024387231,0.014501593,-33.536668548624256,-0.47205002484762604,-0.6688383516596041,0.0,10000,0.91192626953125,0.007975139047946198,0.007950483700408581,2260000,-32.929888937254276,0.0
226,8.978090763092041,-33.28793657664187,1.4860490887977178,-28.570495534305582,-39.56806932098622,0.0,3.5935720403544713,0.05,0.0063054561614990234,0.1587679386138916,0.024226684,0.014366371,-33.51179535142602,-0.46595622645961443,-0.6645302992290558,0.0,10000,0.9226889610290527,0.0035186094076442415,0.0034739645933856036,2270000,-32.82360263781638,0.0
227,8.904786348342896,-33.60306035669082,1.9187214255702956,-29.438271634266275,-48.44692381033562,0.0,4.167005884342605,0.05,0.010423660278320312,0.1616981029510498,0.025132108,0.012079993,-33.520921851952494,-0.4695597362362907,-0.6706993221254174,0.0,10000,0.9171404838562012,0.005557082343304901,0.005411015630594246,2280000,-33.05607855629893,0.0
228,9.008118391036987,-33.61228146234836,1.7940741716109478,-29.187522354590044,-45.592614027689386,0.0,3.6813099104861435,0.05,0.006391286849975586,0.16148734092712402,0.024917405,0.012559402,-33.530057812992084,-0.4662569405195138,-0.6708710648923508,0.0,10000,0.9211580753326416,0.005412731697192525,0.005395729529770221,2290000,-33.34784978430699,0.0
229,8.859232902526855,-33.548983298379554,1.9320680493226903,-29.824896207836396,-46.52863275745761,0.0,3.7556014085763842,0.05,0.006425380706787109,0.15648508071899414,0.019454353,0.010701367,-33.53195036153083,-0.46882672052259833,-0.6695540536297291,0.0,10000,0.9197559356689453,0.00511603766509408,0.005074831571349328,2300000,-33.03729754740419,0.0
230,8.902360439300537,-33.33585824239035,1.7151756426411489,-29.19273130868599,-45.80081338180403,0.0,3.1419752338679694,0.05,0.006807088851928711,0.14141011238098145,0.024374396,0.014360616,-33.51234114961679,-0.4677878236273824,-0.665425160550148,0.0,10000,0.8979296684265137,0.004190178723767544,0.0039958375309514325,2310000,-33.37201329920438,0.0
231,8.99523401260376,-33.487211967300624,1.695491519868618,-29.63769929652905,-43.4236772417528,0.0,3.7399353344095534,0.05,0.006546497344970703,0.14872336387634277,0.024389658,0.012386239,-33.50982823138517,-0.4661253560978233,-0.668371062545415,0.0,10000,0.8935806751251221,0.005165146744001432,0.005131427113695971,2320000,-33.20224802414532,0.0
232,8.912570238113403,-33.439407013854755,1.5013610173261769,-30.06752934434185,-38.43238532771803,0.0,2.784290288313812,0.05,0.006640434265136719,0.16360259056091309,0.021073885,0.015832504,-33.50278610963213,-0.46654515868649327,-0.6674128247435044,0.0,10000,0.8758454322814941,0.003511514722463963,0.0035288957185176687,2330000,-33.114736372068535,0.0
233,9.033307313919067,-33.256359312377874,1.4977008556450913,-30.150885395379888,-37.77000771392632,0.0,3.4612749691504865,0.05,0.006453514099121094,0.16119837760925293,0.024886388,0.013939645,-33.47814342990671,-0.46628113766747253,-0.6637311456798451,0.0,10000,0.881690502166748,0.0033992688394847807,0.003379698049190248,2340000,-33.10803221843843,0.0
234,9.003771543502808,-33.466425895211756,1.4970419921908107,-30.33128904277687,-39.27296074092256,0.0,3.7684948551519213,0.05,0.0064547061920166016,0.1383519172668457,0.023293171,0.013249404,-33.476971676437216,-0.4669159784679677,-0.6679602955242943,0.0,10000,0.9076521396636963,0.003415146037349738,0.0032653264374123583,2350000,-33.09554594337417,0.0
235,8.9893958568573,-33.55083668666015,1.8804455184576683,-29.622805207703014,-49.722801213506926,0.0,3.7342174929019336,0.05,0.00650477409362793,0.16569137573242188,0.02197411,0.011677461,-33.48435817745951,-0.46713602783594577,-0.6696865813455921,0.0,10000,0.8684003353118896,0.006170533368337214,0.006050395719471189,2360000,-33.129681597147574,0.0
236,8.964344024658203,-33.54835511274812,1.849908559483617,-29.848976219823435,-47.19486703037964,0.0,3.1225790522747854,0.05,0.006555080413818359,0.14774870872497559,0.02300492,0.014436492,-33.490757870988375,-0.46842972058722865,-0.6695544409345092,0.0,10000,0.8649454116821289,0.0038232809980040315,0.003818562310514338,2370000,-33.290624143604184,0.0
237,9.060292482376099,-33.76870245829901,2.5352417216462775,-30.02493830144398,-55.750577956595976,0.0,3.300138267372018,0.05,0.006604433059692383,0.14369630813598633,0.019106964,0.012207526,-33.51855232971944,-0.4702521896064329,-0.6739378653759465,0.0,10000,0.8541696071624756,0.007276614919273137,0.0074082886963893115,2380000,-33.11301136804245,0.0
238,9.065619468688965,-33.39105810235323,1.5324397703640904,-28.803525317907784,-38.426445875824975,0.0,4.33524894314777,0.05,0.006800174713134766,0.16098904609680176,0.024037402,0.010715304,-33.50580290698282,-0.4656066147129587,-0.6664642077983919,0.0,10000,0.8586268424987793,0.004097271738030173,0.0036118580987189,2390000,-32.89825040712497,0.0
239,8.991671562194824,-33.40593811121556,1.9141672285929263,-28.513039095139682,-46.77855719874057,0.0,3.810647856888476,0.05,0.006681919097900391,0.17354083061218262,0.02441615,0.01362183,-33.4958164274061,-0.46691209137605955,-0.6666893934952139,0.0,10000,0.885901689529419,0.005054858996129081,0.005038214432004261,2400000,-33.234852559057494,0.0
240,9.140296697616577,-33.3104196159656,1.7209381008710631,-27.51741350455693,-41.074979660527156,0.0,3.750976721368005,0.05,0.006755828857421875,0.1617114543914795,0.02493071,0.013904582,-33.47727674626205,-0.4664841433514515,-0.6648337716682527,0.0,10000,0.911210298538208,0.0043826203900969906,0.004462412593931884,2410000,-33.313916452915166,0.0
241,9.00431776046753,-33.673246590462476,3.275292122158487,-30.060024249280055,-71.37192117005009,0.0,3.3981343460376747,0.05,0.00655674934387207,0.1626427173614502,0.024853166,0.014049179,-33.4968737306821,-0.47071319935002853,-0.6721508302838055,0.0,10000,0.9112458229064941,0.011897957896266279,0.012027638603672999,2420000,-33.10690557519387,0.0
242,8.955923080444336,-33.301908419324235,1.7274541119102946,-28.70187422972054,-44.40551637669422,0.0,3.535332983022223,0.05,0.006933689117431641,0.1471269130706787,0.02495852,0.013560655,-33.47737719954631,-0.4664286028914617,-0.6647919529578094,0.0,10000,0.9120087623596191,0.004741584740298195,0.004730681215034701,2430000,-33.31865185529204,0.0
243,8.953115224838257,-33.60633350379349,1.8047981398799398,-29.82093249468441,-44.41032845036812,0.0,3.7660855156053774,0.05,0.0064966678619384766,0.15562915802001953,0.025523573,0.012578901,-33.49027282997103,-0.4681930966634422,-0.6707284745562461,0.0,10000,0.8969287872314453,0.005207714822585794,0.005046950736092912,2440000,-32.95482921384476,0.0
244,9.003628492355347,-33.39968508801931,3.220989736524549,-30.305370989523542,-74.90796991934084,0.0,4.524233619440728,0.05,0.0066492557525634766,0.15228486061096191,0.025322972,0.010542895,-33.481214055775865,-0.4706611716858734,-0.6666371334221336,0.0,10000,0.8968682289123535,0.011502890399247706,0.011548244453620625,2450000,-33.24478372460498,0.0
245,8.972940921783447,-33.15877347521547,1.5162662600608001,-28.301193179776202,-38.764302076976236,0.0,2.9670975597547256,0.05,0.0066356658935546875,0.16345763206481934,0.02417666,0.016315933,-33.44896999771983,-0.4662213648500096,-0.6618166999736681,0.0,10000,0.9250340461730957,0.0038076131612035306,0.003746707618531343,2460000,-33.23161350577951,0.0
246,9.002387046813965,-33.3627322927696,1.5983202722119998,-29.39677703982431,-45.46991949969465,0.0,3.9353375567538174,0.05,0.006377696990966797,0.1407487392425537,0.025500728,0.012059564,-33.44034622722481,-0.46678412621428467,-0.6659363946981958,0.0,10000,0.9208693504333496,0.0036136485215026823,0.0035411089577677846,2470000,-33.37100429412945,0.0
247,9.028400897979736,-33.52383309169653,1.6165751354540028,-27.66324332124991,-38.76300920405183,0.0,2.94787050478976,0.05,0.006308078765869141,0.14255905151367188,0.02472616,0.015039668,-33.448694913671986,-0.4660324596560683,-0.6690897663636324,0.0,10000,0.9232809543609619,0.0038855232941068215,0.004024001978100834,2480000,-33.188843445862446,0.0
248,9.072897672653198,-33.4827388010639,2.0631029475091176,-30.050224923762762,-53.313850511759746,0.0,3.790412387934724,0.05,0.006549835205078125,0.14872074127197266,0.024806025,0.012970306,-33.45209930241118,-0.46760364348242517,-0.6682724577095346,0.0,10000,0.9230787754058838,0.005572152544412087,0.0056487381629927854,2490000,-32.81478107367161,0.0
249,9.177187204360962,-33.520118423995534,1.5903978912422503,-28.707013344253937,-39.83110792599568,0.0,3.5797822701003037,0.05,0.0066318511962890625,0.14014577865600586,0.025537679,0.014605607,-33.458901214569615,-0.46523204859103773,-0.6690323134284009,0.0,10000,0.9184236526489258,0.004203586843598494,0.004061330238008573,2500000,-33.02839150186702,0.0
250,9.028207063674927,-33.23277653385365,1.5483021418412526,-28.236860417058317,-38.00172164597267,0.0,3.557131166963024,0.05,0.006563901901245117,0.14042448997497559,0.023011224,0.01334389,-33.43628874649802,-0.465131771984739,-0.6633140569498697,0.0,10000,0.8938999176025391,0.0035129958073048884,0.003520205793051065,2510000,-33.34383659169335,0.0
251,9.148454427719116,-33.65538846877778,2.7767163576881715,-27.92345370277878,-59.33468115600994,0.0,3.283041248576033,0.05,0.006532907485961914,0.1446378231048584,0.024488494,0.014602363,-33.458198718725995,-0.4701823451737193,-0.6717209462852122,0.0,10000,0.8675878047943115,0.013069279960549629,0.013223722864458488,2520000,-32.96988215454959,0.0
252,9.037591457366943,-33.602223363159894,2.5049470929799935,-28.775043106450536,-57.5884982406735,0.0,4.105080185003331,0.05,0.006423234939575195,0.15017390251159668,0.02212854,0.01052737,-33.47260118316939,-0.46917245512175226,-0.6707240283758432,0.0,10000,0.8689746856689453,0.011413632939156317,0.011083867134113374,2530000,-33.41864612972797,0.0
253,9.042273998260498,-33.283133383432784,1.6706762637029489,-28.044902292873672,-39.91388138836173,0.0,4.0217780118122475,0.05,0.006539344787597656,0.14407086372375488,0.025279608,0.01283844,-33.45365440319573,-0.4649168388877314,-0.6642963547014779,0.0,10000,0.8735785484313965,0.004919442967832524,0.004929477849209705,2540000,-32.92400191310854,0.0
254,9.101041316986084,-33.2744303875644,2.0087587614577473,-27.94452508599788,-44.641140051739605,0.0,3.367745037560705,0.05,0.006842851638793945,0.1412944793701172,0.02484236,0.014177717,-33.435732001632594,-0.4668521940176389,-0.6642066485097584,0.0,10000,0.8832442760467529,0.0057448435440406115,0.005716235914208184,2550000,-33.235013655998316,0.0
255,8.944222927093506,-33.30078224006083,1.9067565708448806,-28.92281371222981,-49.567609884385625,0.0,3.4829135925253043,0.05,0.006526947021484375,0.14393401145935059,0.025029317,0.013480395,-33.42223702547542,-0.46720867520517567,-0.6646012734739543,0.0,10000,0.885667085647583,0.00505777399602195,0.005176716450706865,2560000,-33.36045324957834,0.0
256,9.014839172363281,-33.39215014183072,1.9998726966141618,-29.154935793393015,-50.46664273190686,0.0,3.1389144705175442,0.05,0.006374835968017578,0.14239096641540527,0.024750391,0.014282276,-33.41922833711095,-0.46670739851491616,-0.6665406860150378,0.0,10000,0.8952627182006836,0.005925263717293295,0.005508028607456994,2570000,-34.237729680418994,0.0
257,9.12727952003479,-33.351093549027745,1.537806516393848,-29.32538144549132,-37.74029181318347,0.0,3.116594391050302,0.05,0.006508350372314453,0.14012670516967773,0.024827449,0.016223755,-33.41241485830263,-0.4654161752275471,-0.6656148413804093,0.0,10000,0.8978307247161865,0.004053703208438321,0.00407143037759091,2580000,-33.44703835462979,0.0
258,9.060644388198853,-32.88590084576766,1.6899929343805546,-28.102591126929482,-43.739119082323526,0.0,3.8465595968817103,0.05,0.006814002990722656,0.13608813285827637,0.024489375,0.0134707885,-33.359763457049134,-0.4663576830469548,-0.6563918002615039,0.0,10000,0.9020233154296875,0.004803658770348812,0.004496102633032649,2590000,-33.46591710993563,0.0
259,9.001646757125854,-33.12033337608076,1.5371108809826357,-28.393142203376307,-38.327835185961376,0.0,4.155051786332612,0.05,0.0061609745025634766,0.14322662353515625,0.025052527,0.011971712,-33.3358204489523,-0.46550666326936607,-0.6609719243630591,0.0,10000,0.8971996307373047,0.0038360841323093297,0.0038615722404840873,2600000,-33.808626780775946,0.0
260,8.958910942077637,-32.980489475619805,1.724607653337813,-27.679688005854295,-40.51775453455979,0.0,3.3717907152954334,0.05,0.006986141204833984,0.15352249145507812,0.025115015,0.01539762,-33.30028735161905,-0.4648560372241829,-0.6583761435568285,0.0,10000,0.8907368183135986,0.0052789594613687554,0.005084085285746172,2610000,-33.10193773953929,0.0
261,9.089515686035156,-33.37913940439339,1.710479132689207,-28.87373351829131,-42.8317373986089,0.0,3.287412790860941,0.05,0.0063741207122802734,0.16019392013549805,0.025518555,0.014462294,-33.30817255689648,-0.46709052272300317,-0.6661724197036262,0.0,10000,0.9133567810058594,0.0040742826447421904,0.0039188775218950206,2620000,-33.70949290176944,0.0
262,8.955588102340698,-33.233291199803425,1.6688191315297578,-27.796046590398962,-38.692491972557505,0.0,3.5474785467060936,0.05,0.0067369937896728516,0.14536499977111816,0.024927266,0.013931474,-33.30068442118717,-0.46455484415140946,-0.6633172783303933,0.0,10000,0.9014277458190918,0.005254429652918679,0.005160203079182074,2630000,-33.16218304761222,0.0
263,8.997972965240479,-33.48036192846734,1.6011975875950073,-28.0184548523889,-37.78156342817814,0.0,3.4888054049401194,0.05,0.006531715393066406,0.16017937660217285,0.024683146,0.014064153,-33.31865217191519,-0.4652603707856604,-0.6681959833668583,0.0,10000,0.8828184604644775,0.0038916027059329116,0.0037748502488341097,2640000,-33.82407905973414,0.0
264,9.005359888076782,-33.01107851169787,1.6614607184812322,-27.076409763496347,-37.72413657072047,0.0,3.530163715541016,0.05,0.006746768951416016,0.15439128875732422,0.023945997,0.013633102,-33.28789480589346,-0.46460288063273353,-0.6587872567174992,0.0,10000,0.8666057586669922,0.005624311036278662,0.0055030561902453,2650000,-33.05916432879671,0.0
265,9.211734294891357,-33.29549905427935,2.6819966284158974,-27.64259041551769,-58.21587204984377,0.0,4.0714875702215,0.05,0.006703615188598633,0.1623399257659912,0.026691752,0.012678315,-33.28865523073205,-0.4695951747200244,-0.6645107876538079,0.0,10000,0.874068021774292,0.008547544788661486,0.008539980579911932,2660000,-33.5974330477065,0.0
266,9.050351619720459,-33.15948667970329,2.3775070169134582,-28.839004516646646,-57.63166046331842,0.0,3.468098137932355,0.05,0.006712913513183594,0.15933704376220703,0.023932105,0.013729867,-33.275738375629174,-0.46727576296615536,-0.6617637435235131,0.0,10000,0.876915693283081,0.006414652896306998,0.0062894609902422426,2670000,-33.71576246332757,0.0
267,9.066263198852539,-33.245193838378654,1.9958939369425814,-26.686257045010844,-46.12339113535591,0.0,3.7425167877862924,0.05,0.006665229797363281,0.16464948654174805,0.024497913,0.013109645,-33.272683921904125,-0.46652767989518495,-0.6635941837757932,0.0,10000,0.8749227523803711,0.00625000879170941,0.006328370135187108,2680000,-33.575098441126705,0.0
268,9.251618146896362,-32.90680523394098,1.7483446488737642,-28.617837853108906,-37.692802201052885,0.0,3.4384071189830623,0.05,0.0065042972564697266,0.1631758213043213,0.023044923,0.01404871,-33.236096053107815,-0.4649181558873711,-0.6568038630549623,0.0,10000,0.8874588012695312,0.0052333848255208424,0.00594720743023327,2690000,-33.79349691600294,0.0
269,9.057088613510132,-32.92655365945735,1.6884488467448595,-27.761938439316754,-38.53161292515558,0.0,3.9470311889258163,0.05,0.0065610408782958984,0.15601515769958496,0.025567126,0.012499798,-33.20514181374277,-0.4651441375857314,-0.6572939717386729,0.0,10000,0.8955590724945068,0.005780780088976227,0.005217122151095417,2700000,-33.691288519352135,0.0
270,9.038551807403564,-33.024849768333766,2.6484454394172543,-26.370335981710546,-57.920434467822524,0.0,3.5121855064031235,0.05,0.006640195846557617,0.14386701583862305,0.025217583,0.014684741,-33.187112609201876,-0.4667424877669527,-0.6591850181884894,0.0,10000,0.8843879699707031,0.009749076747281829,0.009786118144525263,2710000,-34.44953091260973,0.0
271,9.088596105575562,-32.956299779177705,1.8706152911394478,-28.11646750609515,-37.596617995668744,0.0,3.0501649241195463,0.05,0.006476879119873047,0.17203187942504883,0.023960616,0.016508386,-33.16403132619946,-0.46412553228169623,-0.6579445573130096,0.0,10000,0.9118576049804688,0.006717426204064137,0.00667526466909809,2720000,-33.81295798742579,0.0
272,9.062399864196777,-32.972953772433335,1.7598385681746682,-27.238263632991604,-40.684324283856455,0.0,3.760694170569136,0.05,0.007127523422241211,0.17283892631530762,0.025915418,0.01270597,-33.144923570822854,-0.4647419130322922,-0.6580744834138453,0.0,10000,0.9188680648803711,0.005312039779155538,0.005317318531479515,2730000,-34.50009688681328,0.0
273,9.061997175216675,-32.918735615879775,1.6413916030073288,-28.221738232620975,-38.18140154553187,0.0,3.5159348775634482,0.05,0.0065462589263916016,0.15269160270690918,0.025239114,0.013568023,-33.12230477532855,-0.4653779772364021,-0.6572253819348558,0.0,10000,0.933574914932251,0.004534520128525991,0.004526247456279091,2740000,-34.88641522288962,0.0
274,9.064086675643921,-33.247592733860536,2.088976251844697,-28.281591962745438,-46.535960804946505,0.0,3.55334866674773,0.05,0.006622314453125,0.1573326587677002,0.022633638,0.013236373,-33.13483357118175,-0.46657114897162244,-0.6637364135569619,0.0,10000,0.9072773456573486,0.007549728861720411,0.007079611172831421,2750000,-34.09464644653517,0.0
275,8.941754817962646,-33.33094814084148,2.5518977797470197,-28.47324115683704,-59.14501798827257,0.0,2.9133547962454553,0.05,0.0068666934967041016,0.15326213836669922,0.020684058,0.012661751,-33.15444502814773,-0.46742240501426763,-0.6651942731288135,0.0,10000,0.8953869342803955,0.008695714965904823,0.008706120672624409,2760000,-33.77772352005337,0.0
276,9.094393968582153,-33.03523677398828,1.823293155278764,-26.96526941611694,-38.50842816513776,0.0,3.473672908020299,0.05,0.006460905075073242,0.15535783767700195,0.025151122,0.0143759735,-33.142524202731785,-0.46524943216448916,-0.6593829443679892,0.0,10000,0.8988373279571533,0.005407266955389569,0.005478333694651773,2770000,-34.97171282682725,0.0
277,8.885457515716553,-33.025925117569976,1.9920684282282477,-27.044126618319915,-38.9113375634464,0.0,3.089952222142725,0.05,0.006616353988647461,0.14869904518127441,0.02405799,0.015647467,-33.130864294215606,-0.4643852368244237,-0.659066363513752,0.0,10000,0.8805103302001953,0.007053143783492947,0.007092827289219153,2780000,-34.51596802173863,0.0
278,9.027236223220825,-32.8197951651318,1.9964787660601935,-25.328470937287147,-37.17103731740395,0.0,3.3648630776544852,0.05,0.006567478179931641,0.15248918533325195,0.02523173,0.0153527325,-33.09975738130723,-0.4633868056868756,-0.655309915243804,0.0,10000,0.8650708198547363,0.008100990543695775,0.008046137261937552,2790000,-34.53198189826084,0.0
279,8.944969415664673,-33.069259871370555,2.787880484797528,-26.742645736633328,-57.43353054900985,0.0,3.862803153136688,0.05,0.006585597991943359,0.1498887538909912,0.02358795,0.011946607,-33.09670763031356,-0.46689879263078127,-0.660026704237372,0.0,10000,0.8835189342498779,0.011688688646097112,0.011576950334350548,2800000,-34.56238410972843,0.0
280,9.072344779968262,-32.58676654597139,2.6794575681253683,-24.332924216022935,-50.28344474396873,0.0,3.4069741118959773,0.05,0.0073397159576416016,0.13753557205200195,0.024944149,0.0140862595,-33.04571352187934,-0.46400788096249956,-0.6502016763463438,0.0,10000,0.8808202743530273,0.015280306155495913,0.015013717696782527,2810000,-35.05680674778708,0.0
281,9.013770818710327,-32.94617721945439,2.2502518514071377,-23.562983814715626,-43.514333897996806,0.0,3.8903598368223977,0.05,0.006466865539550781,0.14275002479553223,0.022554727,0.01158438,-33.03575989163684,-0.4640925008129244,-0.6574720665854312,0.0,10000,0.878026008605957,0.01001902088414692,0.009275777941753867,2820000,-34.29797511749155,0.0
282,9.141951560974121,-32.77471202056164,2.001695117241185,-26.237682181060915,-39.21369169578246,0.0,3.781239139636135,0.05,0.006838560104370117,0.14554047584533691,0.025012301,0.012402973,-33.00965510452932,-0.4637731969245978,-0.654030617091559,0.0,10000,0.8837754726409912,0.007376870923594662,0.007333747461189191,2830000,-33.95000760115236,0.0
283,9.060752868652344,-33.44928425068693,4.958269296883237,-27.322679699882663,-80.9914003296857,0.0,3.689263010568043,0.05,0.00664067268371582,0.15537118911743164,0.022217257,0.011757985,-33.053618019145084,-0.475053143903783,-0.6676257080047044,0.0,10000,0.9009318351745605,0.02692344584871577,0.02651736686944878,2840000,-34.02700209528497,0.0
284,8.916125535964966,-33.09656933321616,3.827793812294851,-25.22297878351907,-79.22025324493,0.0,3.8473286662112756,0.05,0.008376359939575195,0.14221477508544922,0.024423672,0.01156678,-33.057913150552196,-0.46794399008191534,-0.6605274217345963,0.0,10000,0.8844318389892578,0.020185185358844247,0.01942256097511957,2850000,-34.32320393936087,0.0
285,9.102765560150146,-32.66499602607765,2.141757559446195,-26.029395197680888,-40.76906695177581,0.0,3.4343461588198694,0.05,0.006434917449951172,0.14920353889465332,0.024373712,0.014748867,-33.01862143810474,-0.4634079044346258,-0.6520330971495762,0.0,10000,0.888979434967041,0.00879078921492933,0.008787884249538138,2860000,-34.36292247860088,0.0
286,9.057284832000732,-32.52187083294036,1.9055528861401752,-27.194281830976863,-37.27162757360959,0.0,3.470247096045039,0.05,0.006322622299194336,0.14211726188659668,0.022371862,0.012736426,-32.968946377588296,-0.4633365837492521,-0.6491503179075951,0.0,10000,0.8906080722808838,0.00739692361967973,0.007498588389425436,2870000,-34.947523018140444,0.0
287,9.056025743484497,-32.55520234046827,3.189317129024523,-21.582512940971778,-63.83977229743997,0.0,3.9170749351020437,0.05,0.006636857986450195,0.16847729682922363,0.02342834,0.010799231,-32.9275719738763,-0.46417991311789913,-0.6502229771317118,0.0,10000,0.9004116058349609,0.021891500029960386,0.02181675418296872,2880000,-34.504127827810414,0.0
288,9.197731733322144,-32.23798606236619,2.0780108964551482,-24.599091635745737,-38.122699274502054,0.0,3.246534836778432,0.05,0.006589174270629883,0.15433096885681152,0.025156561,0.015510893,-32.85861338272529,-0.46278885667978753,-0.6436358492641082,0.0,10000,0.9050459861755371,0.009149660788181288,0.009152208968414654,2890000,-34.290614678956615,0.0
289,9.045573472976685,-32.34459969251107,2.258156966023679,-25.274486649623146,-37.36683207738339,0.0,3.9004765971544733,0.05,0.006738901138305664,0.14237618446350098,0.023658887,0.012965452,-32.80721201370387,-0.46261265871213303,-0.6454903632994567,0.0,10000,0.8876945972442627,0.01058219434365216,0.010491783389922996,2900000,-34.733387075752354,0.0
290,9.085961103439331,-32.46211411960333,2.0446050489083225,-26.165148974038974,-36.62200333778884,0.0,3.4719723769425475,0.05,0.006774425506591797,0.14502549171447754,0.022223461,0.012505002,-32.772702224293816,-0.4622665697653339,-0.6479359682445142,0.0,10000,0.8851494789123535,0.00902831498456637,0.009212740632131112,2910000,-35.28105978097629,0.0
291,9.302259922027588,-32.768489313432916,2.252394281411447,-27.226099608723313,-42.24763682784551,0.0,4.0247060265810655,0.05,0.007037162780761719,0.14604544639587402,0.024738105,0.0125957485,-32.772280933207725,-0.46372907533697527,-0.6541772234812879,0.0,10000,0.8655791282653809,0.010284343541989595,0.010291217983423168,2920000,-35.27182592369837,0.0
292,9.073765516281128,-32.949049467668466,2.786879134735298,-27.283344559001222,-59.987271279723615,0.0,3.557783589315626,0.05,0.0068836212158203125,0.14988136291503906,0.02122561,0.010859471,-32.7899577866538,-0.4669759294399164,-0.657693011988085,0.0,10000,0.8640692234039307,0.01151940556248408,0.011371779785618458,2930000,-35.19920563674601,0.0
293,9.099252223968506,-32.2647122907227,2.8734925841054286,-24.759908833966932,-56.979768586760805,0.0,3.514602683662242,0.05,0.006572723388671875,0.14056181907653809,0.023514597,0.01320448,-32.73743323706069,-0.46486522183803886,-0.643970647711448,0.0,10000,0.8764336109161377,0.015010752337110439,0.013897080098971467,2940000,-35.89022960680593,0.0
294,9.209922075271606,-32.57728214685575,2.28046551398469,-25.274176598125656,-41.1411177833591,0.0,3.4981752843677563,0.05,0.006529569625854492,0.1429610252380371,0.024735253,0.013792468,-32.7214181280402,-0.46196598694949637,-0.6502457737774495,0.0,10000,0.8906524181365967,0.011190140703198653,0.011219683150897702,2950000,-34.8732636761753,0.0
295,9.168797254562378,-32.71964109068541,2.8446815677409965,-23.545798904435237,-58.5311938936234,0.0,3.19451866297341,0.05,0.00666499137878418,0.137129545211792,0.02319481,0.013661331,-32.72124042430472,-0.46562429330463817,-0.6531962433932628,0.0,10000,0.8920960426330566,0.012029956137147352,0.01196523234740137,2960000,-35.475231517295455,0.0
296,9.198592901229858,-32.45740896701882,2.442579863284444,-25.451231948283173,-50.28762923529709,0.0,4.047387945200512,0.05,0.006516695022583008,0.14228606224060059,0.023148851,0.010607903,-32.69485727857613,-0.46410998535194337,-0.6479198645088432,0.0,10000,0.8952393531799316,0.012592000239991076,0.012521875323146725,2970000,-35.042213866979026,0.0
297,9.202103614807129,-32.56882122155867,2.061575030378299,-24.635719375068238,-37.553756836038055,0.0,3.6628810974431674,0.05,0.006716728210449219,0.14674043655395508,0.025344322,0.014029568,-32.68225367287438,-0.46324867963429817,-0.6500399352297673,0.0,10000,0.911919116973877,0.00836255137716115,0.008577214991623994,2980000,-35.2594379280269,0.0
298,9.206062316894531,-32.65728198580423,2.71927748683443,-26.216114784307596,-54.09618976044856,0.0,3.2958081826251573,0.05,0.006784915924072266,0.14346003532409668,0.024328899,0.014756761,-32.679756504167365,-0.4661794273432929,-0.6518024018164749,0.0,10000,0.9089429378509521,0.012285067957658132,0.012066936600872503,2990000,-36.05417100139081,0.0
299,9.123297214508057,-32.613442039824676,2.2062648232949282,-25.75726481813041,-41.2136223564235,0.0,3.435170564043515,0.05,0.006759166717529297,0.1429743766784668,0.024069173,0.014275433,-32.673125057733095,-0.4642189067988523,-0.6510788115243272,0.0,10000,0.9060392379760742,0.009590458526085937,0.009523719079140314,3000000,-36.634228893688324,0.0
300,9.051413774490356,-32.59852447751964,2.031162199417409,-26.440407071953853,-37.81238925095901,0.0,3.01034143289919,0.05,0.007254123687744141,0.1479177474975586,0.024470728,0.015979828,-32.66566499971175,-0.4622060093072901,-0.6508472706996997,0.0,10000,0.8986818790435791,0.009185457220324711,0.009315187401255117,3010000,-34.93444814632219,0.0
301,9.078903913497925,-32.389556779534594,1.98809057096346,-25.484324101462892,-37.84309528220977,0.0,3.5359815114258297,0.05,0.006484508514404297,0.14226126670837402,0.023968497,0.013047694,-32.63805417769404,-0.46218897486513016,-0.6466229016605441,0.0,10000,0.8981568813323975,0.009315578863306433,0.008919050992684942,3020000,-35.18324434906742,0.0
302,9.204283714294434,-32.74295694207731,3.2259478828764037,-26.136111425709604,-68.91206897717264,0.0,3.271607499262261,0.05,0.006487607955932617,0.14025259017944336,0.021925103,0.012359397,-32.64854445413236,-0.4669206566785602,-0.653609493853442,0.0,10000,0.9107367992401123,0.013461680288965239,0.01336017780111997,3030000,-34.66846173030725,0.0
303,9.067743301391602,-32.595105781769014,2.3019594353764616,-25.579509585457103,-45.637476518375365,0.0,3.545058506213648,0.05,0.006419181823730469,0.1422727108001709,0.024692351,0.01403789,-32.64320058689603,-0.4637670767656249,-0.6505906141366988,0.0,10000,0.9207432270050049,0.010848397178476259,0.010787121990587567,3040000,-35.164219232470984,0.0
304,9.080822229385376,-32.64298211329873,2.12043469493695,-27.01680455762997,-37.29622388026732,0.0,3.2672151445565785,0.05,0.007543802261352539,0.14327597618103027,0.025459489,0.015247962,-32.643178739536296,-0.4622936043566247,-0.651611383362305,0.0,10000,0.9238290786743164,0.008936103403325263,0.008972228249615924,3050000,-34.030110963833586,0.0
305,9.17546558380127,-33.07529072516202,3.235481487373706,-26.874703046032348,-67.57346724025294,0.0,4.188921317821702,0.05,0.006705760955810547,0.14071083068847656,0.025665406,0.011855152,-32.68638993809887,-0.4680468527811135,-0.6602089714947,0.0,10000,0.9065258502960205,0.013556900615948629,0.012234379078253364,3060000,-34.84030211031896,0.0
306,9.094833374023438,-32.39444799444629,2.3763035234611576,-24.658737492830564,-37.838008029106376,0.0,4.463094623855525,0.05,0.0063207149505615234,0.1377859115600586,0.024827808,0.010827685,-32.65719574373361,-0.4621949840998041,-0.6466398244280929,0.0,10000,0.8910014629364014,0.013415520926076284,0.012548404785277894,3070000,-34.37465997230277,0.0
307,9.069794654846191,-32.38088312414655,2.1146747427432366,-24.1697035395603,-36.822924054838,0.0,3.047660226259073,0.05,0.006506443023681641,0.1484987735748291,0.022494974,0.0146125825,-32.629564481774906,-0.4627964741160113,-0.6464287033079837,0.0,10000,0.8793411254882812,0.0092606856066571,0.009650035834922379,3080000,-35.225350277321816,0.0
308,8.953494787216187,-32.331232741440665,2.1751066317811816,-26.119901313008935,-42.21095132599607,0.0,3.685612714836396,0.05,0.0062885284423828125,0.14339470863342285,0.024688447,0.013343056,-32.59973130774148,-0.4626534872369749,-0.6454360724687015,0.0,10000,0.884497880935669,0.010266195740038118,0.010274231134265625,3090000,-34.44496341443713,0.0
309,9.10732650756836,-32.23928652848663,3.131043381223355,-22.231634401111403,-61.48687002469647,0.0,3.1919039972583705,0.05,0.006895780563354492,0.1436142921447754,0.024675716,0.014914192,-32.56368682981599,-0.46462645739236613,-0.6434196092333329,0.0,10000,0.8871371746063232,0.01577868466210486,0.015756727346092063,3100000,-34.42452040048682,0.0
310,9.107341051101685,-32.32945713477338,2.055800618201531,-25.718856016081958,-37.11904308809571,0.0,3.8338957581652293,0.05,0.006591081619262695,0.1413717269897461,0.023585144,0.010949893,-32.54026386031173,-0.4620936851234231,-0.6452796926185147,0.0,10000,0.8914194107055664,0.008734806611064122,0.008531751806207674,3110000,-35.106786699105896,0.0
311,9.093216180801392,-32.508939915221475,2.24947834630358,-22.867159628878504,-41.1526575300642,0.0,3.9137572423316715,0.05,0.006940126419067383,0.14389324188232422,0.023821143,0.012024641,-32.53713146580271,-0.4635657603203897,-0.6490037659412978,0.0,10000,0.8902394771575928,0.010269984960912623,0.010276292251096846,3120000,-34.44703036267264,0.0
312,8.962608814239502,-32.55757775918484,2.695156994190367,-26.93098961379215,-55.022786121350386,0.0,3.5274336593216242,0.05,0.006441831588745117,0.1417865753173828,0.024548633,0.014131574,-32.539176095140924,-0.4654974688969319,-0.649877293655559,0.0,10000,0.8834571838378906,0.011609178023066286,0.011723348446380262,3130000,-33.56040962495538,0.0
313,9.219623565673828,-32.54949939814465,2.470023801642588,-26.168981591292187,-49.07685601152196,0.0,3.066092444429446,0.05,0.0065953731536865234,0.1415543556213379,0.026660962,0.015976032,-32.5402084254413,-0.46415103375714345,-0.6497296261529553,0.0,10000,0.8811683654785156,0.01221797782411,0.013064312115048462,3140000,-34.49990460564587,0.0
314,8.95814037322998,-32.48499857604172,2.3508869135973978,-22.796638428374166,-40.3177330772339,0.0,3.464538305260448,0.05,0.006205081939697266,0.14114785194396973,0.02248825,0.012855214,-32.534687440501344,-0.46315913027100586,-0.648278055807535,0.0,10000,0.8749375343322754,0.012630292657672139,0.011496692257283597,3150000,-34.34789874458595,0.0
315,9.018541812896729,-32.465593430355575,2.475036564812045,-24.96463353651264,-44.694766323423934,0.0,4.297658100294389,0.05,0.006631135940551758,0.1435248851776123,0.02511041,0.011874664,-32.52777803948677,-0.4635679560599735,-0.647982419181005,0.0,10000,0.8814444541931152,0.01202686189314997,0.012038226908710025,3160000,-34.41634330115598,0.0
316,9.094041347503662,-32.69963543223772,2.192126849202033,-25.25633400543375,-39.55041112504275,0.0,4.165254436528352,0.05,0.006804466247558594,0.1494922637939453,0.024822168,0.012246692,-32.54496377876187,-0.46393944142515936,-0.6527181925240894,0.0,10000,0.8900899887084961,0.009930738045719064,0.010415501214360372,3170000,-34.49161195943612,0.0
317,9.081271886825562,-32.429249370365646,1.9997022152437616,-26.433653336140885,-36.79896821287422,0.0,3.295601484400943,0.05,0.006525516510009766,0.14621567726135254,0.024560357,0.01606986,-32.533392337922244,-0.4631123585479805,-0.6473366029491436,0.0,10000,0.8990304470062256,0.008581435668916363,0.00841260348079208,3180000,-34.61772174104269,0.0
318,9.088534355163574,-32.46795641870371,3.990305360470723,-22.648365347494682,-71.07090339726416,0.0,3.287909876572274,0.05,0.006717681884765625,0.14112639427185059,0.024936413,0.013709048,-32.52684874600039,-0.46760934562567225,-0.6480204846949462,0.0,10000,0.8874044418334961,0.022370306561243333,0.022662650502719168,3190000,-34.11078062627857,0.0
319,9.236517667770386,-32.4404603497973,2.5243222832538383,-22.4264146163709,-38.85103337146042,0.0,3.4685980319587184,0.05,0.006603240966796875,0.14288902282714844,0.022872295,0.013145388,-32.51820990638008,-0.46209746914606165,-0.6474772352638104,0.0,10000,0.8846261501312256,0.013127586233409448,0.01306038676140852,3200000,-33.46392656958459,0.0
320,9.120994567871094,-32.32126837837725,2.178626293192137,-23.095911304523934,-41.40582824022924,0.0,3.8579371975837438,0.05,0.007503509521484375,0.14315032958984375,0.024854917,0.012716531,-32.498515753579795,-0.46260044390013333,-0.6451626008500412,0.0,10000,0.8672056198120117,0.010495060216690935,0.010214028929500175,3210000,-33.173983125450235,0.0
321,9.254740476608276,-32.218130824775386,2.1900180825398152,-23.14809641839946,-37.21602791075919,0.0,3.555145502067465,0.05,0.006546497344970703,0.15011000633239746,0.023752514,0.013664701,-32.470477260699354,-0.46201144156012136,-0.642972534221158,0.0,10000,0.8675129413604736,0.01058942604607378,0.010560692928349899,3220000,-33.49793157959243,0.0
322,9.2089364528656,-32.41510118662315,2.686635003203831,-24.28461347480273,-50.67782726333859,0.0,4.128168141614335,0.05,0.006823062896728516,0.13909077644348145,0.02445703,0.011653851,-32.46493965329174,-0.46507712607643653,-0.64686604916444,0.0,10000,0.876274824142456,0.012488830049170478,0.012591638451487513,3230000,-33.39675507961371,0.0
323,9.184546947479248,-32.12814491776521,2.2814063175414545,-25.062254035460217,-37.57109475780302,0.0,4.092290166205826,0.05,0.006861448287963867,0.1496891975402832,0.025225958,0.012243343,-32.431260179739084,-0.46233383791480903,-0.6412133237412716,0.0,10000,0.8877789974212646,0.011265557777799187,0.011241794384734402,3240000,-33.90157891364274,0.0
324,9.087891817092896,-32.250917059242276,2.6174560150269426,-24.592439727816082,-45.72575558193877,0.0,3.4355742087800114,0.05,0.006619453430175781,0.14408302307128906,0.021973386,0.012246979,-32.413225867689405,-0.4622748617908297,-0.6439700206586041,0.0,10000,0.9005229473114014,0.015067278406487517,0.015124490341346337,3250000,-33.31450060770273,0.0
325,9.230652570724487,-32.44461528438419,2.7448993277414795,-25.658364843909453,-51.181021906649384,0.0,3.4022673802672485,0.05,0.0066683292388916016,0.14361810684204102,0.024409773,0.013328093,-32.41636480935888,-0.46643558421609754,-0.6474494045125825,0.0,10000,0.9045319557189941,0.013264810641459237,0.013389016228644324,3260000,-33.56867259213232,0.0
326,9.103210210800171,-32.37900663954802,2.7346272956264017,-20.143459807539788,-46.672687719046756,0.0,3.634379084924004,0.05,0.006448507308959961,0.1476902961730957,0.023243073,0.013549505,-32.4126289923778,-0.46322673813672366,-0.646480927629996,0.0,10000,0.9001808166503906,0.016033097941151483,0.016197514879153163,3270000,-33.7734338109606,0.0
327,9.17112946510315,-31.883704068379373,2.7102118851885066,-22.944128429451517,-44.50685677383609,0.0,4.40688169922587,0.05,0.006917715072631836,0.14508557319641113,0.024198346,0.011370483,-32.359736499977956,-0.4605772433337472,-0.6362621252015029,0.0,10000,0.9008820056915283,0.01932091538221182,0.017313643078891917,3280000,-33.433816205943536,0.0
328,9.059568405151367,-32.12991252389392,2.7374159444864703,-21.906340407086144,-41.69741033408475,0.0,4.941998617331537,0.05,0.006791114807128906,0.14605450630187988,0.02427432,0.010398132,-32.336754102369554,-0.4617831350995434,-0.641230204801175,0.0,10000,0.8945763111114502,0.01512375805255009,0.015708002867872953,3290000,-33.18453373236528,0.0
329,9.064035177230835,-32.11997857811958,3.06830577211408,-21.66354353746716,-53.93733304889116,0.0,3.5929972516073745,0.05,0.006781339645385742,0.15596723556518555,0.02441681,0.012360629,-32.31507654994456,-0.462950903844924,-0.6411701875338697,0.0,10000,0.8865396976470947,0.017894572524073806,0.017470557065084765,3300000,-33.02612101257253,0.0
330,9.04484748840332,-31.838573021136497,2.637461941319426,-20.724240934965884,-36.497342156855495,0.0,3.947533811371828,0.05,0.006515979766845703,0.14400434494018555,0.026072137,0.013382174,-32.26742619706375,-0.459784978783137,-0.6354870906780526,0.0,10000,0.8852376937866211,0.016450957700853003,0.01665690279971113,3310000,-33.550750041580365,0.0
331,9.14522933959961,-32.03113363998359,2.4178644226405432,-22.957779416909535,-36.3509456435474,0.0,4.025167698832814,0.05,0.006657123565673828,0.14939212799072266,0.026582785,0.012374269,-32.24379694135573,-0.46014627801370744,-0.6393080843744463,0.0,10000,0.8703906536102295,0.013526405849445708,0.013011714757121174,3320000,-33.31201783725925,0.0
332,9.119860887527466,-31.968004264851608,2.4867340644848337,-22.154827474464156,-36.20117032648043,0.0,4.210153035100804,0.05,0.006740093231201172,0.14760923385620117,0.020024875,0.009924643,-32.21621767370532,-0.4610799862120578,-0.6380852566276186,0.0,10000,0.8515417575836182,0.01450818467369822,0.014580214684033591,3330000,-33.06019384948017,0.0
333,9.100521087646484,-32.01814043538012,2.4581052355418582,-24.544450835491652,-40.78710525436394,0.0,3.169519909776661,0.05,0.006317138671875,0.14153265953063965,0.024138557,0.015112463,-32.1964099498728,-0.4615537582287598,-0.6389079077867621,0.0,10000,0.8519527912139893,0.013398026693534357,0.013458259153108519,3340000,-33.0731151442766,0.0
334,9.107863903045654,-32.2013451534271,2.181679242030225,-25.142358296847323,-36.599181545462066,0.0,3.095465878325464,0.05,0.00667262077331543,0.14052891731262207,0.02512077,0.016116608,-32.19690347022823,-0.461926092826659,-0.6426659499303088,0.0,10000,0.8631019592285156,0.010104227784520069,0.01023136054804142,3350000,-33.28777860532918,0.0
335,9.009288787841797,-32.26702336651318,2.6739316751274274,-20.509404747650475,-44.92659079285328,0.0,3.589885914628828,0.05,0.00668644905090332,0.14319729804992676,0.024531318,0.0129850395,-32.203915459856724,-0.463414387251092,-0.6440911932024349,0.0,10000,0.8655140399932861,0.014497764950974655,0.01430635496540451,3360000,-33.0667032624354,0.0
336,9.230056524276733,-32.364535469919296,2.4312540304005066,-23.772498688138555,-42.387577665060974,0.0,3.7285635716460055,0.05,0.006790637969970703,0.15031218528747559,0.023766194,0.01389755,-32.219977460862985,-0.4629724759615533,-0.6458467290858348,0.0,10000,0.8777444362640381,0.011797537383994212,0.011510027609700628,3370000,-33.088066957857016,0.0
337,9.06868863105774,-32.214649300830885,2.7604122254071237,-24.241960691404536,-46.786036896993174,0.0,4.834378892952494,0.05,0.006550788879394531,0.14901232719421387,0.024423681,0.010637383,-32.21944464485978,-0.463651231715344,-0.6431805140970502,0.0,10000,0.8999686241149902,0.015705502310452795,0.015752757052857863,3380000,-33.14834830231769,0.0
338,9.11953330039978,-31.734046051234227,2.9074992087073515,-20.98302858349354,-45.3860012780367,0.0,4.211427053214871,0.05,0.0068013668060302734,0.14369726181030273,0.025246985,0.011715667,-32.17090478549723,-0.46034482367608276,-0.6337549911886456,0.0,10000,0.8958556652069092,0.018838145083836265,0.01870990607190364,3390000,-32.4820734930516,0.0
339,9.265995264053345,-32.246845347708934,3.3623287793373007,-23.633876009889356,-62.515671643332624,0.0,3.47762012923365,0.05,0.006322622299194336,0.1494581699371338,0.024259228,0.013580299,-32.1784988417184,-0.46517374056456334,-0.6435660804594088,0.0,10000,0.8851032257080078,0.019738445620948578,0.01868266424710054,3400000,-32.59160725799813,0.0
340,9.079398393630981,-32.23936516498224,2.929738993134385,-22.218790542818603,-50.69956077877523,0.0,3.6679802900477654,0.05,0.006773948669433594,0.14087438583374023,0.025008228,0.012991127,-32.18458547404478,-0.46301831517510983,-0.643523276128698,0.0,10000,0.886622428894043,0.01832368390040471,0.018518541085261023,3410000,-32.01650459642763,0.0
341,9.074363470077515,-32.04661329839365,2.542956358298056,-19.755160087176986,-36.53534628156923,0.0,3.612486758970116,0.05,0.006650447845458984,0.1550755500793457,0.02501562,0.013216552,-32.17078825647967,-0.46061590552573206,-0.6395403355641291,0.0,10000,0.8850641250610352,0.01397559616772575,0.014393035513167366,3420000,-32.9865860016321,0.0
342,9.101715803146362,-31.634798868238395,2.7423651603795927,-18.595133169618276,-38.60608090626134,0.0,3.9185405949496475,0.05,0.006520748138427734,0.15942072868347168,0.024148487,0.012625348,-32.117189317655544,-0.4592197254507468,-0.6314064709220816,0.0,10000,0.8898463249206543,0.019596092062039806,0.017996097355320956,3430000,-33.4911571012892,0.0
343,8.907855987548828,-32.39152596502167,2.82755845973958,-23.411771014476976,-52.18351047440398,0.0,3.4701192484090253,0.05,0.006615638732910156,0.15320873260498047,0.0235656,0.013914115,-32.14462298239216,-0.46338763478214273,-0.6466615548376504,0.0,10000,0.8994529247283936,0.014613248078104286,0.014009471788937557,3440000,-32.699565785339,0.0
344,8.991271495819092,-31.7900789918007,2.5673174358520403,-21.4821643569402,-37.74559678827857,0.0,3.7714917458205854,0.05,0.006600856781005859,0.14119243621826172,0.023133764,0.012849395,-32.10916858333301,-0.4595983885567508,-0.6348519844516494,0.0,10000,0.9095103740692139,0.017345212010045373,0.01581595976706573,3450000,-32.82850008827565,0.0
345,9.22737717628479,-31.975869579497648,2.637101963025923,-22.36360898254998,-43.968085964172644,0.0,4.718611013398269,0.05,0.006700277328491211,0.14198660850524902,0.024561893,0.0095245065,-32.09583868294948,-0.4612864718025452,-0.6382105798463804,0.0,10000,0.9188661575317383,0.015255140315036874,0.01527125744633011,3460000,-32.93917647507186,0.0
346,8.995485305786133,-32.074837235377665,2.8091509246912323,-21.16526264849859,-46.90154348713025,0.0,3.389389141352966,0.05,0.007035255432128906,0.1486225128173828,0.02434138,0.014039539,-32.0937385381923,-0.4613103002672465,-0.6403490453974233,0.0,10000,0.9119055271148682,0.01620727302365232,0.016157702361529077,3470000,-32.68674370253922,0.0
347,9.143365859985352,-32.05413294777181,2.420310712230979,-21.820764160744428,-35.848238910416086,0.0,3.6543875693191934,0.05,0.0067446231842041016,0.14238286018371582,0.024365166,0.012882157,-32.08977797915025,-0.4612402970867149,-0.6399343383981095,0.0,10000,0.9122138023376465,0.012681645186402512,0.012678097428855586,3480000,-32.26013620875955,0.0
348,9.114800930023193,-31.480596500468764,2.6217959245198763,-22.28510629702133,-36.31678795480978,0.0,3.9795542683458285,0.05,0.0065746307373046875,0.14149999618530273,0.025001813,0.012560768,-32.0288598312821,-0.460048860375945,-0.6283085823757001,0.0,10000,0.9226980209350586,0.0173186711257921,0.017329911160554625,3490000,-32.806875972602576,0.0
349,9.103737831115723,-32.284609541669596,2.424414016156207,-24.068110390362655,-44.834439715688596,0.0,3.1875895094122897,0.05,0.0064465999603271484,0.1671593189239502,0.023832027,0.01465471,-32.05443480232085,-0.4629811135750611,-0.6443819297526834,0.0,10000,0.9410886764526367,0.016494440024528434,0.01252723394758098,3500000,-32.71773673983099,0.0
350,9.087321281433105,-31.958999305505763,2.3257655783499773,-22.629464540632995,-37.845893716378924,0.0,3.59843684961032,0.05,0.006512165069580078,0.1488950252532959,0.022611195,0.012585528,-32.04489125263934,-0.46105081245095236,-0.6380205227937421,0.0,10000,0.9371187686920166,0.012147201543341634,0.011797336875242401,3510000,-32.5710338351696,0.0
351,9.07906436920166,-32.03866766231717,3.1572661816540504,-19.572879167571905,-55.78777653848009,0.0,3.821236004133874,0.05,0.007207632064819336,0.1494460105895996,0.025784576,0.012736608,-32.044268893607125,-0.46173326218809196,-0.6395198498930664,0.0,10000,0.9152181148529053,0.019120809549745234,0.01904729250253626,3520000,-32.677542974589244,0.0
352,8.991970777511597,-31.769407143657727,3.103926335697892,-19.39327506263099,-41.96535764665645,0.0,4.030221545990886,0.05,0.006939411163330078,0.15618896484375,0.025337575,0.012086561,-32.016782718612184,-0.459831541908091,-0.6340769299150056,0.0,10000,0.8970897197723389,0.021537612613287235,0.02155908022329926,3530000,-32.73676833060445,0.0
353,9.114593029022217,-31.82566915840308,2.868515982392835,-22.38238259590523,-38.548278745700074,0.0,4.303117181389174,0.05,0.006736278533935547,0.148665189743042,0.023111492,0.010976336,-31.997671362591273,-0.46039526921829804,-0.635261254208494,0.0,10000,0.90653395652771,0.019437195554064667,0.019346227969076455,3540000,-32.89828164201637,0.0
354,9.04659652709961,-31.655509603700764,3.0206438729725593,-21.112677837119545,-38.15670154829044,0.0,4.201313610752701,0.05,0.006433248519897461,0.1604619026184082,0.023589887,0.010988371,-31.963455186702223,-0.4581900836395035,-0.6318519141886254,0.0,10000,0.8836426734924316,0.02260839305735133,0.022701222995577176,3550000,-32.746270933925196,0.0
355,9.042754650115967,-31.617083353093097,2.9346174781988132,-18.555143741986072,-36.66656659906964,0.0,4.945055652623509,0.05,0.006492137908935547,0.14548325538635254,0.024780583,0.010475865,-31.928818003341313,-0.4592551085811551,-0.6312414741241514,0.0,10000,0.8770062923431396,0.021115780647691908,0.02097191925839594,3560000,-32.612831296184396,0.0
356,9.207635879516602,-31.77552775582709,2.878840620962211,-19.341486030182054,-36.57063084904915,0.0,3.1964726681962943,0.05,0.006447792053222656,0.1640152931213379,0.023683354,0.01550809,-31.91348897858989,-0.45966744636392964,-0.6341162935590884,0.0,10000,0.8758246898651123,0.01907497768586174,0.019113508530483034,3570000,-32.54922477708964,0.0
357,9.012917757034302,-31.67386862353106,2.815164136334476,-21.845125837807565,-40.12930194021026,0.0,3.40721095616936,0.05,0.006677389144897461,0.16945242881774902,0.021447957,0.011448566,-31.889526943084007,-0.4587749498081888,-0.6324069670685614,0.0,10000,0.884303092956543,0.018853874343013624,0.01916657660968804,3580000,-32.37277414876025,0.0
358,9.057311534881592,-32.04768354451571,3.065954472423208,-20.897693144120762,-54.68596293412716,0.0,4.166321743631339,0.05,0.007375955581665039,0.15430712699890137,0.024045942,0.011592743,-31.905342603227176,-0.46306967123820897,-0.6396858608472833,0.0,10000,0.8891594409942627,0.01814693923852866,0.01834596692999227,3590000,-32.3281902221475,0.0
359,9.222615957260132,-31.89513907921885,2.594716303489576,-22.50508156292422,-36.48539052644754,0.0,3.6557241086257823,0.05,0.006649017333984375,0.1582202911376953,0.024328284,0.013576715,-31.904322250826343,-0.4595978478697972,-0.6365320508249839,0.0,10000,0.8813004493713379,0.0159450276238977,0.01623912912824903,3600000,-32.26199630985993,0.0
360,9.060142278671265,-31.672539876327548,2.752742099129382,-20.492574738463603,-36.95391479275197,0.0,3.5871262804609407,0.05,0.006499767303466797,0.14878034591674805,0.021384252,0.012443792,-31.881144013376463,-0.45879745571523317,-0.6321322285776731,0.0,10000,0.8764522075653076,0.018666362165798152,0.01786288609581084,3610000,-32.799153266532066,0.0
361,8.954138994216919,-31.730043210454177,2.9111486572376135,-19.73884233633816,-37.01350089135936,0.0,3.410763645495185,0.05,0.006612062454223633,0.15471148490905762,0.023798726,0.014280461,-31.866033933084235,-0.4592038862590789,-0.6332679736365107,0.0,10000,0.8675432205200195,0.019727476167582147,0.019710613873482663,3620000,-32.649529212462355,0.0
362,9.134428262710571,-31.952924344163467,2.83131477229489,-19.453739077996456,-43.76994235517208,0.0,4.043909678609141,0.05,0.006887674331665039,0.14427757263183594,0.023982232,0.0116603235,-31.87472297419216,-0.4607104249494537,-0.6380122908107694,0.0,10000,0.8730411529541016,0.017242883963005412,0.017517932677424918,3630000,-32.5614369363029,0.0
363,8.956117868423462,-31.999233529607253,2.8828047897588402,-17.936253420446672,-39.09362781360004,0.0,3.8049870819587572,0.05,0.006836891174316406,0.17427659034729004,0.024433343,0.012592159,-31.88717402973367,-0.46039242633373545,-0.638815671891705,0.0,10000,0.886768102645874,0.01919152781855902,0.019528477633924343,3640000,-32.04164329797702,0.0
364,9.006886720657349,-31.887583470409925,2.830121621164668,-22.828643009802985,-40.756287242328334,0.0,3.8830807612131495,0.05,0.00665283203125,0.16167521476745605,0.0251618,0.012524596,-31.887214973801296,-0.4605253058057312,-0.6366189518982297,0.0,10000,0.9085710048675537,0.018196388620042494,0.017348543041403854,3650000,-32.70988054943968,0.0
365,9.126998662948608,-31.546037221989813,2.647461897322442,-20.902858239772986,-36.74940766084108,0.0,5.2853606638270305,0.05,0.006710529327392578,0.16976714134216309,0.024341604,0.009582466,-31.853097198620148,-0.4594305379415391,-0.6296317101194476,0.0,10000,0.9062991142272949,0.017094211097808783,0.01723826044190087,3660000,-32.27677927494885,0.0
366,8.984833240509033,-31.49258636498868,3.1039918701974787,-21.87993550764841,-52.84822116390724,0.0,3.9909323966792805,0.05,0.006882429122924805,0.1669931411743164,0.023469225,0.011912851,-31.817046115257,-0.4602185544418489,-0.6287423699142974,0.0,10000,0.8939790725708008,0.020758846875081113,0.02049806861797588,3670000,-32.22689774920584,0.0
367,8.973856687545776,-32.16316165481603,3.994222894109453,-21.18229631180871,-73.52960688463813,0.0,3.284704297210448,0.05,0.0071697235107421875,0.15688347816467285,0.022618787,0.012965979,-31.851657669212905,-0.4644972371268764,-0.6420947141628597,0.0,10000,0.9004726409912109,0.02525331299747404,0.024115378971412825,3680000,-32.28000591186759,0.0
368,8.981618881225586,-31.82909236114381,2.79926029800639,-20.741805815833498,-36.74463192391007,0.0,3.900982788391379,0.05,0.006516695022583008,0.14592409133911133,0.02512198,0.013852551,-31.849401138405995,-0.4591326496620212,-0.6353584035687203,0.0,10000,0.8994100093841553,0.01839428859126786,0.018263934794538125,3690000,-32.220355057592926,0.0
369,9.03875184059143,-32.01963853662323,2.77920056855263,-24.13252412180654,-48.313039951685774,0.0,4.274969740027174,0.05,0.006612539291381836,0.15128493309020996,0.022952786,0.011413565,-31.86642487822772,-0.46213931708866823,-0.6391281590718685,0.0,10000,0.8997931480407715,0.017165998053254194,0.01689261116192873,3700000,-31.806401150221703,0.0
370,8.9487943649292,-31.696672635797984,2.791704931693217,-22.462748949505382,-42.39243304642284,0.0,3.5691084461824873,0.05,0.006657123565673828,0.14957165718078613,0.02265463,0.011871653,-31.84944965398475,-0.4594871759004191,-0.6328150893994747,0.0,10000,0.8869113922119141,0.01739875359758975,0.017581114716799854,3710000,-32.35738396160967,0.0
371,8.946001052856445,-31.71943901140368,2.6264131028436433,-21.45222225779318,-37.30844233630799,0.0,3.804608122894251,0.05,0.006814241409301758,0.14813661575317383,0.02528388,0.01203565,-31.836448589726643,-0.4590138479070766,-0.6332981183652899,0.0,10000,0.8804233074188232,0.01620901780346875,0.015830621869140003,3720000,-32.29641029562576,0.0
372,9.02950119972229,-31.831515652132225,2.897893039435837,-20.471595288258023,-39.435401047925865,0.0,3.941857624929097,0.05,0.006487369537353516,0.1486344337463379,0.025908444,0.01356695,-31.835955295967203,-0.4599973295498552,-0.6353618200090131,0.0,10000,0.8673610687255859,0.019069234827975085,0.01907168382233948,3730000,-32.83329193314729,0.0
373,9.001312255859375,-31.682605412615132,3.1387483571059382,-20.536940070963077,-38.85496273224956,0.0,3.7038618434807993,0.05,0.00701141357421875,0.15312933921813965,0.025592063,0.013216736,-31.820620307631998,-0.45868655814665277,-0.6324551042079399,0.0,10000,0.8622221946716309,0.023498227393630767,0.02343424951079112,3740000,-32.92071502681068,0.0
374,8.932968139648438,-32.015442531827055,4.262102507931913,-21.975792533271118,-77.61835882517798,0.0,3.7749529992704454,0.05,0.006472349166870117,0.14302301406860352,0.024595268,0.01259105,-31.840102530051507,-0.46429554939638495,-0.639109356037577,0.0,10000,0.8746109008789062,0.025106588883620735,0.02517516833700239,3750000,-32.47489288859303,0.0
375,8.906062126159668,-32.4240590066501,2.8071818042328642,-22.87404888850235,-43.05200994163229,0.0,3.9515107159654153,0.05,0.006419658660888672,0.15535259246826172,0.025749093,0.012306637,-31.898498177711364,-0.4608278847906817,-0.6472441054162147,0.0,10000,0.8807079792022705,0.017020513573979688,0.01689137066154099,3760000,-32.95193719077985,0.0
376,9.070446491241455,-31.891728817839347,2.8037269561405314,-21.40148881781696,-37.653842184504015,0.0,3.608933248842069,0.05,0.00643610954284668,0.14531993865966797,0.022794599,0.013026584,-31.897821241724163,-0.4596797376424927,-0.6366803370671166,0.0,10000,0.8788337707519531,0.020059168642179184,0.019435578588615287,3770000,-32.26531068796618,0.0
377,8.963932991027832,-31.550778546258684,4.050139136145337,-17.99090719751125,-59.601432518904744,0.0,3.75408385535646,0.05,0.0067555904388427734,0.162750244140625,0.024100438,0.013369554,-31.863116972177615,-0.46138381326427536,-0.6297386507980228,0.0,10000,0.8908729553222656,0.03375537266565239,0.03406187870355304,3780000,-32.09719361675868,0.0
378,9.089741706848145,-31.69723567611156,4.538266901844047,-20.957259461062264,-63.53349647578073,0.0,3.998804688014458,0.05,0.006462812423706055,0.15417051315307617,0.023944516,0.011067055,-31.84652884257101,-0.462177918741169,-0.6328246464910169,0.0,10000,0.8796517848968506,0.04462270770771395,0.044412213187283556,3790000,-32.64595782192016,0.0
379,9.190014600753784,-31.426697402492955,3.265712428613336,-17.37704554696456,-37.45798512651874,0.0,4.116783685572763,0.05,0.006540775299072266,0.15344762802124023,0.025822317,0.0125127295,-31.804545698563206,-0.45744802645251,-0.6273403982028262,0.0,10000,0.8760302066802979,0.026653456071617322,0.02651345352587222,3800000,-32.50474074594504,0.0
380,9.135836839675903,-31.271717133650068,3.289166595348566,-19.527371610908478,-36.469211087943194,0.0,4.5429393733146295,0.05,0.007100582122802734,0.1503276824951172,0.024966346,0.0106518995,-31.751262842071895,-0.45714142448189304,-0.6243450153237385,0.0,10000,0.8736345767974854,0.0276778112212443,0.027694571469027183,3810000,-32.92681044433134,0.0
381,9.038866519927979,-31.1782667010368,3.9784167013970313,-16.13512607638165,-36.94522886636882,1.0,3.2891428075971594,0.05,0.006589651107788086,0.15952420234680176,0.023890229,0.014909236,-31.69396322796839,-0.45521273484926267,-0.6223819742972332,1.0,10000,0.8779752254486084,0.04051898328130472,0.04044174229013288,3820000,-32.8944492394141,0.0
382,9.120192527770996,-31.420940546165212,4.236151851287305,-15.49802480950939,-38.71689288497341,0.5,2.912128916094929,0.05,0.007073879241943359,0.14700531959533691,0.024502654,0.0182992,-31.66666095978807,-0.45575034948294557,-0.627453788518052,0.5,10000,0.8661754131317139,0.04374615256125377,0.04382216370389953,3830000,-32.76324230071099,0.0
383,9.032482862472534,-31.047682211521845,4.67788903868475,-14.014734614324473,-37.00780294790046,0.0,4.167385490294855,0.05,0.00682520866394043,0.14490842819213867,0.02543035,0.011824528,-31.604763084961448,-0.45313127721004487,-0.6196850891086989,0.0,10000,0.8704855442047119,0.05577758072564319,0.05510744342646061,3840000,-33.049160589167975,0.0
384,9.008957147598267,-30.94543759282187,4.947571900966999,-14.14379267146954,-38.05684010024693,2.5,4.5293302573886285,0.05,0.00688624382019043,0.15118002891540527,0.025024116,0.011892516,-31.538830535747493,-0.4524964072169584,-0.6178260439184288,2.5,10000,0.8676300048828125,0.06400423070550505,0.06420030810840972,3850000,-32.99512119941751,0.0
385,9.10532546043396,-30.97676312739355,5.380073632118915,-12.972749706912715,-47.14050079296067,3.0,3.636622960875353,0.05,0.006714820861816406,0.1547393798828125,0.025600648,0.01404203,-31.4826237949121,-0.45171977224972537,-0.6185863663490951,3.0,10000,0.8704342842102051,0.07179739489255003,0.07160982744202889,3860000,-33.306756515597996,0.0
386,8.996943473815918,-29.824670336556032,6.24424532822858,-13.63803107234582,-38.10733645517843,4.5,3.785233712513713,0.05,0.006561994552612305,0.1645822525024414,0.024366425,0.013246645,-31.316828449076493,-0.44527433331946953,-0.5957016455175674,4.5,10000,0.8768022060394287,0.11181341175882858,0.10861261922583962,3870000,-33.252651024766486,0.0
387,8.933563470840454,-30.212607797601187,6.7047373922316185,-10.711473860576433,-38.92496657409996,7.5,4.181352930139214,0.05,0.006724834442138672,0.1465137004852295,0.024274629,0.0115138665,-31.206406383928964,-0.4456589368388299,-0.6033288661397569,7.5,10000,0.8810195922851562,0.11976571958911804,0.11889879852462398,3880000,-33.68951492962718,1.0
388,8.980290412902832,-30.526869034112398,6.519634869534933,-14.070663950569363,-39.4546700580014,5.5,3.9654192141635938,0.05,0.0066852569580078125,0.14144039154052734,0.024651976,0.012483757,-31.138452648947307,-0.4452606236451014,-0.6098480846536589,5.5,10000,0.8733587265014648,0.1112034792974833,0.11100908014633352,3890000,-32.87422351864106,4.0
389,9.02538275718689,-30.12804810186878,7.07810797131064,-12.255368899958563,-40.82474966171266,8.0,3.8874350083930254,0.05,0.006600141525268555,0.14191794395446777,0.02557916,0.012716776,-31.037412194239455,-0.44329485692711534,-0.6015590175319906,8.0,10000,0.8769359588623047,0.13299144656128045,0.13316967776731178,3900000,-32.87515368279914,5.0
390,9.058650255203247,-30.3542287613903,7.2426374608509185,-9.140002506675161,-63.44292510115314,6.0,3.5915697374260134,0.05,0.0071790218353271484,0.14439845085144043,0.024378957,0.014709247,-30.96909385095454,-0.44838340228325796,-0.6061441636818717,6.0,10000,0.8850741386413574,0.12769861656257706,0.12747301997270846,3910000,-31.816476346914946,6.0
391,9.068212747573853,-29.587309164586628,7.944721602347704,-10.681536004728294,-59.14689500727506,13.0,3.97720428359757,0.05,0.00665593147277832,0.14923858642578125,0.024550239,0.011505968,-30.830915382317748,-0.4415144627389199,-0.591015375930417,13.0,10000,0.8678469657897949,0.1685717268089115,0.16787522760695517,3920000,-32.3376631079732,5.0
392,9.029769659042358,-29.29745571505259,6.534443474999872,-11.395563866000465,-38.024140702618666,8.0,5.210672205272855,0.05,0.006953716278076172,0.14260029792785645,0.025575504,0.009964201,-30.677569415591233,-0.44162386610144694,-0.5852675989976969,8.0,10000,0.8602406978607178,0.12370174798841468,0.12318164495372864,3930000,-32.061757058230185,10.0
393,9.183098793029785,-29.28547659894834,7.6893475694585804,-12.007509080203276,-39.357424351927314,13.0,4.345688710350536,0.05,0.006718873977661133,0.14503145217895508,0.024605159,0.011434548,-30.538360133926943,-0.4389954144164857,-0.5846759766117607,13.0,10000,0.874140739440918,0.16452026488598762,0.1646840760432822,3940000,-32.04034358806696,9.0
394,8.97794771194458,-30.303982985780536,7.098773480598207,-9.227549999615707,-41.11492075090963,10.5,5.094322741643819,0.05,0.006729841232299805,0.15871882438659668,0.024818256,0.009969721,-30.514922419112303,-0.4445030248342779,-0.6048938789600746,10.5,10000,0.886197566986084,0.13302634659343304,0.13190824451105376,3950000,-32.27942697936646,11.0
395,9.047308683395386,-29.975399450940227,7.176875299166273,-12.611891951871865,-40.423048728482804,10.5,2.984743677370167,0.05,0.0065000057220458984,0.17305397987365723,0.023948312,0.016291816,-30.460970122295095,-0.4413883824794425,-0.5983710187574054,10.5,10000,0.8960061073303223,0.14098248127474639,0.14062258366183317,3960000,-31.015908617424554,19.0
396,9.178576707839966,-29.523029675355666,7.943537288523147,-10.39941121510169,-42.08640364027745,15.5,2.83901091471722,0.05,0.006491899490356445,0.1649169921875,0.02543297,0.018091928,-30.36717607760115,-0.43851912592856807,-0.5894793672167826,15.5,10000,0.9136097431182861,0.17270367713851012,0.17184766092186185,3970000,-31.33287256605271,13.0
397,9.035457372665405,-29.10233103591643,8.242048954710398,-11.795084778310267,-77.42490975144125,9.0,3.570695876847344,0.05,0.0064237117767333984,0.14628005027770996,0.02487687,0.014347282,-30.24069157343268,-0.4431590269531817,-0.5811606697916318,9.0,10000,0.8979048728942871,0.17609989375696397,0.1751306199644705,3980000,-29.66371745952626,23.0
398,9.083861351013184,-29.695146457606626,7.346164260591761,-11.695260838934766,-50.84040404492176,10.0,4.009955225082304,0.05,0.006490230560302734,0.17824029922485352,0.025686597,0.0114251,-30.186137061850076,-0.4409037121317438,-0.5928778865836918,10.0,10000,0.8893287181854248,0.14909658814059779,0.14727703141550783,3990000,-31.778449329744376,10.0
399,9.20845103263855,-30.104967732343095,6.759680809956778,-12.169166000908465,-39.31654111578612,4.5,4.403573220796638,0.05,0.0065000057220458984,0.14820623397827148,0.025104772,0.011471349,-30.178020128899377,-0.44240612029693666,-0.6010662029101209,4.5,10000,0.8939352035522461,0.12431249642069361,0.12336115251592325,4000000,-32.09086404924058,11.0
400,9.032235383987427,-28.6530708610257,7.342100115675205,-8.937514304852543,-39.34329050217394,13.5,4.39273779880567,0.05,0.007158756256103516,0.15490484237670898,0.024908349,0.01120948,-30.025525202112007,-0.43507438718542346,-0.5720567760735816,13.5,10000,0.8845436573028564,0.16835397636063912,0.1616740124473244,4010000,-31.560815357167435,10.0
401,9.064610719680786,-29.496801506052748,6.8919524275243225,-10.502094577335447,-40.10527031317019,7.0,4.256850566402,0.05,0.0065495967864990234,0.169569730758667,0.02491074,0.011628189,-29.972652832506082,-0.43915022926864755,-0.5888197733979621,7.0,10000,0.8718905448913574,0.13770000526463916,0.1360594960580866,4020000,-30.871594269417237,16.0
402,9.217083215713501,-29.063074151739457,7.5563220449798765,-13.013192011216747,-39.04984530933306,10.5,4.531917767410057,0.05,0.006721019744873047,0.15108466148376465,0.024668276,0.011064198,-29.881694964429418,-0.43783348049174675,-0.5799785330795959,10.5,10000,0.8651950359344482,0.16234097496897035,0.1624795253617992,4030000,-29.574756080443713,22.0
403,9.138776779174805,-28.409619115660394,7.546891441358472,-11.832845474526701,-39.04485353582245,12.5,4.130026553237927,0.05,0.006647348403930664,0.15373539924621582,0.025861496,0.012157388,-29.734487379552515,-0.4349783645667864,-0.567237919059022,12.5,10000,0.8635585308074951,0.17346049596109572,0.17315440828970804,4040000,-31.68278313515998,12.0
404,8.975698709487915,-28.925118743342104,7.4245857570484,-9.862495330733523,-39.09420132406916,13.0,3.38705331618672,0.05,0.0063915252685546875,0.14908289909362793,0.024534037,0.016010053,-29.653550515931475,-0.43742625527781553,-0.5773676145037205,13.0,10000,0.855663537979126,0.16251269072007854,0.16114454848986584,4050000,-28.962190008056947,30.0
405,9.054775476455688,-28.293057036920356,8.139130403910233,-7.464450308956964,-40.135613978860846,15.5,4.400440609617141,0.05,0.006692409515380859,0.16059160232543945,0.024985462,0.01105241,-29.517501168030364,-0.43293570751028937,-0.5647593899469835,15.5,10000,0.8655250072479248,0.19822724265432012,0.19655217161341898,4060000,-28.593475620401108,32.0
406,9.050658702850342,-28.8383965458817,7.880394769104118,-11.70528672847046,-40.031276797645766,14.5,4.737742356101163,0.05,0.007504701614379883,0.14628195762634277,0.025689643,0.010617533,-29.449590705815496,-0.43492600044250695,-0.5754794063715248,14.5,10000,0.8715124130249023,0.1783471919139967,0.17827007982524434,4070000,-28.292136678374217,32.0
407,9.134410381317139,-29.463475349633853,7.858066948123203,-11.178226254211188,-40.05545050455169,13.0,3.94118568674195,0.05,0.006844758987426758,0.14969754219055176,0.02578995,0.011920658,-29.450979170197332,-0.4377402874301616,-0.5882992944921567,13.0,10000,0.8709661960601807,0.16895349192007647,0.1667134465706302,4080000,-28.820597529597077,33.0
408,9.159509897232056,-29.29709493604465,8.057859118240279,-8.445097074965593,-40.704520628341946,12.5,3.4376726955798333,0.05,0.0066127777099609375,0.14315104484558105,0.02459618,0.014550053,-29.435590746782065,-0.4375524156066246,-0.5846714244202309,12.5,10000,0.8768215179443359,0.17851562566667786,0.17922223832917678,4090000,-27.863775950711958,37.0
409,9.141543865203857,-29.511660148281752,8.088082889799008,-11.130091145551525,-56.58393001287659,13.5,3.9817877430123727,0.05,0.007174253463745117,0.14764714241027832,0.025001185,0.012332399,-29.443197686932034,-0.44028375615096615,-0.5889966726165642,13.5,10000,0.8824059963226318,0.17295500643752465,0.17265293204629958,4100000,-30.044428633424012,20.0
410,9.172080755233765,-28.96673885587704,7.275283129367924,-12.941344803231718,-39.484692238223396,11.0,4.110870996006795,0.05,0.0070879459381103516,0.15143680572509766,0.023909876,0.012482153,-29.395551803826535,-0.43678339290808954,-0.5787754757999728,11.0,10000,0.8806352615356445,0.1557348248028681,0.15542540924842285,4110000,-28.210872161775928,31.0
411,9.130676984786987,-29.190484118458315,7.266678753288819,-12.20180315445858,-38.5520269685143,10.5,4.412859481033319,0.05,0.0067539215087890625,0.14450311660766602,0.024048176,0.011254271,-29.375045035289716,-0.4384413206075956,-0.5827941870619749,10.5,10000,0.8812918663024902,0.15101122185656685,0.15029190276558266,4120000,-27.679621251651444,32.0
412,9.057433366775513,-28.19084355662908,7.987741805765067,-11.064590231179285,-39.85274454736375,15.5,3.8837017254669264,0.05,0.00650334358215332,0.14192795753479004,0.024381455,0.013502481,-29.256624887423655,-0.43242755977070146,-0.5629925845952215,15.5,10000,0.8784136772155762,0.19628243100206752,0.19279007672672538,4130000,-28.167864410720366,33.0
413,9.093206882476807,-28.49270075803418,8.001248279779036,-11.88721317731922,-39.615798776341464,13.5,4.0743825872196755,0.05,0.006711721420288086,0.1772465705871582,0.025170412,0.012152352,-29.180232474484708,-0.4337134647453534,-0.5687756160435676,13.5,10000,0.8821749687194824,0.1888722027496663,0.1892118971049702,4140000,-28.125393405778027,33.0
414,9.07986068725586,-28.680214796510654,9.386478139143149,-10.08245457841406,-97.03806627799482,15.5,3.918351064288915,0.05,0.006824493408203125,0.15056157112121582,0.024732135,0.013303954,-29.130230706687303,-0.4403513890435725,-0.572592382552553,15.5,10000,0.884713888168335,0.2138729855024951,0.21400905146488225,4150000,-25.795456744811,43.0
415,9.160062789916992,-28.879725371628783,8.344065645023797,-8.750929987087366,-40.51591223666435,16.0,3.67177178049653,0.05,0.006571531295776367,0.16435480117797852,0.024935449,0.013522332,-29.105180173181452,-0.43590604257829424,-0.576738978118994,16.0,10000,0.8856351375579834,0.1943961232198122,0.19409138345803287,4160000,-27.152728841564,34.0
416,9.298229694366455,-28.51014848860705,8.380849380949515,-10.804945345935236,-39.89930652148663,17.5,3.6401184786706913,0.05,0.007283449172973633,0.1467275619506836,0.02510688,0.013471872,-29.045677004724013,-0.43259904468261934,-0.569094135112836,17.5,10000,0.8922226428985596,0.20288940855314783,0.20247094943667907,4170000,-29.016049965658475,28.0
417,9.057552099227905,-28.132210604633393,8.026422159257907,-11.155329798769975,-40.482126848334964,16.0,4.050162829451359,0.05,0.006480693817138672,0.14975333213806152,0.024042016,0.0120605705,-28.95433036471495,-0.4304542132407893,-0.56138746130386,16.0,10000,0.884521484375,0.19442816729343587,0.19439527599713835,4180000,-28.367838558587263,33.0
418,9.204088687896729,-27.529653011121837,8.46764120590105,-10.44382636002272,-40.42657911936874,19.5,3.741579321707243,0.05,0.007418632507324219,0.14777803421020508,0.025185071,0.013693725,-28.811862629355637,-0.4294697487101372,-0.5494169485704874,19.5,10000,0.8938703536987305,0.2256879701246744,0.22376039310606216,4190000,-26.177054147613248,44.0
419,9.252142429351807,-29.03336918817361,8.288741017374198,-12.898016486024666,-40.58585124742667,16.0,3.4307005432020414,0.05,0.00670933723449707,0.1548316478729248,0.024639387,0.015164542,-28.834013285237432,-0.43588370096368634,-0.5796590003615423,16.0,10000,0.8830745220184326,0.19377072771169887,0.19024446075921989,4200000,-26.59511221178211,38.0
420,9.088775396347046,-28.536479120362063,8.420354174522995,-7.77195745952867,-40.213535852740776,17.5,3.411740559998942,0.05,0.00745081901550293,0.15683388710021973,0.024834646,0.014799536,-28.804259868749895,-0.4318617673636666,-0.5694256190807212,17.5,10000,0.8952569961547852,0.20713747448160802,0.20639646609285484,4210000,-26.181241535711543,42.0
421,9.080122947692871,-28.27403307333321,8.80905070903427,-9.434533730297945,-40.69291448371686,20.0,3.8807341795737798,0.05,0.006640195846557617,0.14951586723327637,0.024720758,0.012448918,-28.751237189208226,-0.4310250038508982,-0.5645206656177408,20.0,10000,0.870905876159668,0.22490380064382698,0.22422646094904664,4220000,-25.973382213153364,44.0
422,9.042781829833984,-27.357491551424665,8.872302970099689,-9.319698741420243,-39.519593598088626,23.0,3.822552310221508,0.05,0.006577014923095703,0.159912109375,0.023425149,0.012704314,-28.611862625429872,-0.4262960241028732,-0.5460034626464142,23.0,10000,0.8731143474578857,0.24674119520458854,0.2456007072756137,4230000,-27.81287683230987,35.0
423,9.045312881469727,-28.400519844496284,8.189399037120824,-7.555169521605466,-39.1472780057404,15.5,5.5635435752194144,0.05,0.006688356399536133,0.15095829963684082,0.022708217,0.008281106,-28.590728347336515,-0.43252267056729665,-0.5672610934801212,15.5,10000,0.9046943187713623,0.20481773227650507,0.1973581832303668,4240000,-26.802483473796375,40.0
424,9.107007503509521,-27.79228172688626,8.421776047466164,-9.750542371192203,-39.9702518290399,18.0,3.974197563774691,0.05,0.006786823272705078,0.14937639236450195,0.0233036,0.011202357,-28.51088368529149,-0.4292358852937273,-0.554872301072755,18.0,10000,0.9061086177825928,0.22092665314608065,0.21649686532029327,4250000,-25.680441277932985,42.0
425,9.031217336654663,-27.316694968438256,9.01795853251126,-10.017826093886578,-40.774670985747555,23.0,3.783364960863441,0.05,0.006647348403930664,0.15404582023620605,0.024470309,0.012487123,-28.391464813606166,-0.42613519369614195,-0.5454672104398752,23.0,10000,0.8976304531097412,0.24742922045359964,0.24760721351760798,4260000,-25.142721454831058,44.0
426,9.072855234146118,-28.981520210873995,10.256043117192036,-8.043515743467795,-98.1183546094787,16.5,3.8417972032911223,0.05,0.0065250396728515625,0.1480257511138916,0.025045155,0.013050668,-28.450470353332953,-0.44124787384741687,-0.5786352646583731,16.5,10000,0.8733689785003662,0.24887930304686806,0.240185606416989,4270000,-25.899760019483935,38.0
427,9.01004147529602,-28.3788554988963,9.146002771757171,-7.968846623545336,-40.528618512401216,20.0,3.5385831188760446,0.05,0.006667137145996094,0.15093541145324707,0.0248613,0.014334085,-28.44330886788929,-0.43088254619113825,-0.566568047440137,20.0,10000,0.8509848117828369,0.23424201962190766,0.23526675919785056,4280000,-25.70529693015574,41.0
428,9.049906015396118,-27.567160412926924,9.27054926998217,-6.067250557210381,-41.048553001066644,24.5,3.8247754514744603,0.05,0.006434917449951172,0.14894771575927734,0.024419092,0.013077037,-28.355694022393052,-0.42732815816836195,-0.5505016917354635,24.5,10000,0.8465576171875,0.26172314395762336,0.2557181480007145,4290000,-27.1326855862007,36.0
429,9.043193101882935,-28.430319574422647,8.82105551009916,-9.849032156112065,-42.71519513259175,18.5,4.081198697273172,0.05,0.006450653076171875,0.15486598014831543,0.022368373,0.010733119,-28.363156577596012,-0.4321240608297509,-0.568065018893435,18.5,10000,0.8550877571105957,0.22247865961487603,0.22217673088403356,4300000,-28.131496342724876,31.0
430,9.10391640663147,-27.798626145982784,8.90308498473996,-11.511825700769487,-48.83815512328372,26.0,3.638087292951482,0.05,0.006721973419189453,0.14664411544799805,0.02463281,0.013105138,-28.30670353443469,-0.4265043422525615,-0.5551132295446943,26.0,10000,0.8754003047943115,0.2398050716880109,0.238746773680915,4310000,-28.278632952578103,24.0
431,9.08059287071228,-27.711308920924445,8.300228621756787,-8.785204209311555,-39.59012650994737,21.0,3.5176412686994363,0.05,0.006956338882446289,0.15381407737731934,0.024674516,0.01430782,-28.247164073083663,-0.428039800593222,-0.5538419301608956,21.0,10000,0.8906855583190918,0.2141830417615794,0.21414480387360627,4320000,-28.54694861695777,23.0
432,9.04837942123413,-27.349377651856393,8.835029695971086,-9.826164714503296,-40.075431076546565,24.5,3.939972848294587,0.05,0.00687408447265625,0.1495053768157959,0.024459831,0.01270961,-28.157385430960936,-0.42492390426019433,-0.545971965276042,24.5,10000,0.893761157989502,0.2421111549825952,0.24250830552359576,4330000,-29.277426592459673,27.0
433,9.101203203201294,-27.141828934213446,9.006058401444403,-9.646445947751246,-39.018268995493685,27.5,3.1574499730892835,0.05,0.006623506546020508,0.15481066703796387,0.024128394,0.015660368,-28.05582978128619,-0.4234512330903143,-0.5419550780083857,27.5,10000,0.8839571475982666,0.25475597776217057,0.2536801454683356,4340000,-26.880549829850633,35.0
434,9.037165403366089,-27.633227923165105,8.667102689192035,-7.9356831700518935,-41.096825644868694,24.0,4.998140892849987,0.05,0.007169485092163086,0.1444997787475586,0.024975492,0.010008442,-28.01356959547408,-0.42735349581529924,-0.5517297201465806,24.0,10000,0.8841121196746826,0.2330438047283167,0.23101387843204538,4350000,-27.796557989654747,32.0
435,8.919514894485474,-28.433598955986444,8.76639194799569,-11.619428628872003,-40.41419416011681,22.5,3.8756256462401617,0.05,0.008413314819335938,0.1428513526916504,0.023988517,0.011705147,-28.055572531525318,-0.42925405287099805,-0.5682011060431864,22.5,10000,0.8936996459960938,0.2230645647973326,0.22104487672810327,4360000,-27.91394407728632,34.0
436,9.058245420455933,-28.49575034629243,8.420914128203812,-9.762819025234416,-40.77205729659499,16.5,3.997705379227478,0.05,0.0065228939056396484,0.1411287784576416,0.024096875,0.012772063,-28.09959031300203,-0.4311333553944223,-0.5686809197036201,16.5,10000,0.8769786357879639,0.20506617074037795,0.2054190466750503,4370000,-27.32025462229696,35.0
437,9.040546417236328,-28.815744589225424,8.50661807029242,-10.074249372860644,-38.84702363226959,19.5,3.766509932928632,0.05,0.006623029708862305,0.14147710800170898,0.023601562,0.012626272,-28.17120574062437,-0.4332735373081282,-0.5754113731648812,19.5,10000,0.8670194149017334,0.2028012938813678,0.20270344494662287,4380000,-26.137887233562406,46.0
438,9.044877529144287,-26.671672440473106,8.53949267425266,-9.112714873542755,-42.44237859214708,21.0,3.695656085913628,0.05,0.006613731384277344,0.1422724723815918,0.023461577,0.0123208,-28.021252410609243,-0.4242839793386642,-0.5327250876401692,21.0,10000,0.8575854301452637,0.26219873159955975,0.2438153765791899,4390000,-25.780954646723927,43.0
439,9.162358522415161,-27.363819165109167,9.251673909280258,-9.462425711900279,-54.239484233288934,22.5,3.2731340153588326,0.05,0.006704568862915039,0.15253114700317383,0.021701155,0.012695096,-27.955509086059237,-0.42660439814426154,-0.5465018825203464,22.5,10000,0.8499493598937988,0.25503748619283645,0.25521112487627307,4400000,-25.449514554839183,47.0
440,8.989350318908691,-28.18879097135693,9.0255279187159,-9.559030426322904,-41.67670251067147,23.0,5.348084138601995,0.05,0.006388187408447266,0.166489839553833,0.023841871,0.008865979,-27.978837274589008,-0.42937726961478034,-0.563284240613077,23.0,10000,0.882368803024292,0.23452463008580957,0.23338003583499983,4410000,-25.92795835344133,42.0
441,9.084410905838013,-26.846927036698634,9.367826849765768,-9.028489593420217,-40.09946651794644,26.0,5.092214393868749,0.05,0.0066967010498046875,0.14872264862060547,0.024766915,0.009814274,-27.865646250799973,-0.4240692006331319,-0.5358271657544666,26.0,10000,0.8767414093017578,0.2803215154559103,0.2749948622756438,4420000,-25.532690623868348,47.0
442,9.023294925689697,-28.05892117618203,9.580872772587933,-11.641706101967094,-74.25260909802701,23.5,3.925149584488659,0.05,0.006903886795043945,0.1520228385925293,0.024986854,0.013227165,-27.88497374333818,-0.43239489888759314,-0.5599019561270846,23.5,10000,0.868666410446167,0.2517344040771065,0.24676505414376682,4430000,-25.433119941533896,47.0
443,9.002445936203003,-26.674730286233583,9.247829378475222,-9.128753178766537,-40.68975614759336,26.0,4.406964197877736,0.05,0.0064046382904052734,0.14929795265197754,0.021911468,0.009367461,-27.76394939762772,-0.4219880693816995,-0.5332623035300348,26.0,10000,0.8620090484619141,0.28201104194814647,0.2733494100286892,4440000,-26.18451845788377,40.0
444,9.004621028900146,-27.267289387704896,8.964927137585345,-8.505647509942394,-42.120253919680785,22.5,3.952452155459603,0.05,0.006478786468505859,0.1621265411376953,0.024950525,0.01187754,-27.714283396635437,-0.4260807593951598,-0.5444652627479601,22.5,10000,0.8672165870666504,0.25179290263352677,0.24930449597199666,4450000,-26.863204072577993,38.0
445,8.984062910079956,-27.047551124640517,9.010869295035004,-10.425562809452218,-40.99207821755648,24.5,4.144136243021678,0.05,0.006862640380859375,0.16836166381835938,0.024836697,0.011371263,-27.647610169435946,-0.4238974428739276,-0.5402337039306276,24.5,10000,0.8632957935333252,0.2563958634467635,0.256936697106846,4460000,-28.374448044912967,29.0
446,8.95555305480957,-27.877780136482087,8.900552023071096,-10.931132396469586,-41.12219543303206,23.0,4.300419668636544,0.05,0.006531238555908203,0.1465907096862793,0.024821285,0.011848908,-27.670627166140562,-0.42828919096019347,-0.5566226589630436,23.0,10000,0.8665707111358643,0.24057610155741832,0.23417911302776526,4470000,-29.929722440977365,22.0
447,9.084950685501099,-28.841963834453782,8.444300151976913,-11.862432438531467,-40.9098372269645,19.5,4.409493014832713,0.05,0.0070307254791259766,0.16668057441711426,0.024785833,0.010923337,-27.787760832971884,-0.43362155471674413,-0.5758076580685315,19.5,10000,0.8791599273681641,0.20290138762847937,0.20134977890408381,4480000,-29.10045477570729,28.0
448,8.91138744354248,-27.91172073125145,8.508259329316843,-9.785625499013934,-39.98378303906607,21.5,4.116586650334584,0.05,0.006548404693603516,0.16265368461608887,0.02435211,0.010735239,-27.800156822799842,-0.4290936377488507,-0.5570805706086679,21.5,10000,0.8914182186126709,0.22148997060661843,0.21902883559195932,4490000,-28.276169528406708,32.0
449,8.904364585876465,-27.480494842478844,8.632035432598528,-7.531560767113916,-40.572389440279714,21.0,3.5304419467135384,0.05,0.006725311279296875,0.15705323219299316,0.023910414,0.0143489735,-27.76819062476774,-0.42704519695775844,-0.5488805653988267,21.0,10000,0.8904819488525391,0.23268597271189687,0.23087226346188328,4500000,-27.54701387554077,36.0
450,9.087385654449463,-26.793079114586714,8.50775797202586,-10.873333578972924,-41.29733115822931,26.0,3.781262804526617,0.05,0.006175994873046875,0.16626834869384766,0.024843384,0.012900314,-27.67067947374964,-0.42374347534887435,-0.5351125454033603,26.0,10000,0.9053065776824951,0.24770007283339696,0.24262932724064887,4510000,-26.690078042095905,41.0
451,8.973182916641235,-27.247688026680166,9.112349832426649,-9.067002483603263,-41.637237417818405,26.0,3.422012621776086,0.05,0.0071485042572021484,0.17099237442016602,0.024509894,0.014310236,-27.62838032904269,-0.42426995741805457,-0.5438242816146801,26.0,10000,0.9117774963378906,0.2552119348097241,0.25520730246006523,4520000,-26.300917823424502,42.0
452,8.895207643508911,-27.84231624837953,9.216460466988012,-7.791018521762904,-48.10379971753622,23.5,3.931329869402416,0.05,0.006846427917480469,0.1395399570465088,0.024150701,0.012562871,-27.649773920976376,-0.4294807550004712,-0.556044887424037,23.5,10000,0.9158036708831787,0.24911717830752061,0.2474636638200316,4530000,-26.70677903248275,38.0
453,9.059991836547852,-28.539440157325945,8.794389675067881,-10.227514243586066,-43.11902465797078,23.0,3.969071180107816,0.05,0.006696462631225586,0.1507570743560791,0.024777357,0.013907306,-27.738740544611332,-0.43307184751218375,-0.5694582475218567,23.0,10000,0.9084324836730957,0.2206751849631079,0.21877749826056778,4540000,-26.258280161889946,41.0
454,8.9959135055542,-26.52685241109868,9.291614766894403,-9.629408496112678,-61.18837340978245,26.5,4.133973457374396,0.05,0.0074808597564697266,0.16691279411315918,0.024635782,0.011588826,-27.61755173126007,-0.42395470786402556,-0.5294447186507222,26.5,10000,0.9091877937316895,0.28871068387755283,0.2718348520727592,4550000,-26.803090643696475,41.0
455,8.915907144546509,-27.180450844415745,8.65901110867515,-10.383644723353006,-41.299452839410435,23.5,3.8205930983868583,0.05,0.006844043731689453,0.14778995513916016,0.024874408,0.012605087,-27.573841642575637,-0.4254730211066679,-0.5428955959295071,23.5,10000,0.892805814743042,0.24087972198284097,0.24166839053234745,4560000,-26.41700389407254,43.0
456,8.972366571426392,-28.302468691078637,8.342737929683018,-11.444382443679718,-39.67463357336986,21.5,3.7635890622180437,0.05,0.00641632080078125,0.14307045936584473,0.025757672,0.013604425,-27.64670434742594,-0.4306365557439495,-0.5652232856409777,21.5,10000,0.9042708873748779,0.2069355360589166,0.2061101725490636,4570000,-27.07580840418257,33.0
457,9.012508869171143,-27.822623243692917,8.470050884503149,-11.824466668030883,-39.77526128549529,23.0,4.48090217613182,0.05,0.006622791290283203,0.1447620391845703,0.02436865,0.01100263,-27.664296237052636,-0.4270238476791624,-0.5559355973734694,23.0,10000,0.9073731899261475,0.22282668685936105,0.22250709759406967,4580000,-26.647904288004167,31.0
458,8.902674674987793,-27.642992171140722,8.793693881967648,-9.502804551096933,-40.39866585723837,24.5,4.8320855514353624,0.05,0.006494998931884766,0.14819550514221191,0.023899758,0.010278215,-27.662165830461444,-0.4262735819716737,-0.5521995099786277,24.5,10000,0.899498701095581,0.23588493777002384,0.23592579806223007,4590000,-25.661026719056863,39.0
459,8.927047729492188,-28.282660067262114,8.728327529172375,-11.33708711947346,-41.80428602218362,20.5,4.5543298861252595,0.05,0.006543159484863281,0.1371157169342041,0.024556806,0.010410697,-27.724215254141512,-0.42902333204949783,-0.5647520704965968,20.5,10000,0.9144940376281738,0.22196322190497117,0.22115506257408335,4600000,-26.43761498703354,37.0
460,8.97226619720459,-27.62879598675514,9.12756647860814,-10.45286164623656,-44.776732560276216,23.0,3.570229575873493,0.05,0.006960153579711914,0.14472460746765137,0.024675053,0.014227191,-27.714673327402878,-0.4273074106974233,-0.5518803958518564,23.0,10000,0.9235045909881592,0.24900607492112584,0.24771536445176234,4610000,-24.774235380952014,47.0
461,8.922412157058716,-27.60258673485142,9.115932834784353,-9.438997073240252,-40.54999931774001,22.0,3.791813226127398,0.05,0.006608486175537109,0.1438896656036377,0.025696082,0.012668909,-27.703464668147735,-0.42669741049051246,-0.5506519375119104,22.0,10000,0.8995466232299805,0.24921344397320458,0.24940410926529266,4620000,-27.119259937383305,36.0
462,8.983030319213867,-26.838122519788495,9.360638727539458,-10.65333008416904,-41.427271846107644,28.0,4.411584133495847,0.05,0.0068683624267578125,0.14209556579589844,0.025690656,0.010854284,-27.616930453311813,-0.42242179209030284,-0.5361420140988343,28.0,10000,0.8886847496032715,0.2753072649634361,0.2759563201345215,4630000,-26.140224748074534,41.0
463,8.928598403930664,-28.822832790756102,8.800203633424422,-10.216754690818512,-48.07200659702164,19.5,3.750945019310773,0.05,0.00674748420715332,0.14051580429077148,0.024594862,0.012907373,-27.737520687056243,-0.4333468128105226,-0.5757037549753431,19.5,10000,0.8961305618286133,0.21732818193591655,0.21318472079577944,4640000,-26.663088033672974,36.0
464,9.021204233169556,-27.978363250317443,8.679133470453056,-9.30770613900067,-40.211325906761736,22.0,3.455874702292871,0.05,0.006685733795166016,0.14161252975463867,0.023935728,0.014104922,-27.761604943382366,-0.4287304610574369,-0.5585250020371617,22.0,10000,0.8779587745666504,0.22422291031365993,0.22405597781828399,4650000,-26.365695301745248,30.0
465,9.002425909042358,-29.07090725655196,8.643799886133555,-10.766225026450465,-49.60915577629711,17.5,4.7750942366729845,0.05,0.006654500961303711,0.14744114875793457,0.0240986,0.010430391,-27.892535174699326,-0.4366049526895461,-0.5807356854257715,17.5,10000,0.8905589580535889,0.2081309534204631,0.20200845945360496,4660000,-27.86468932171483,29.0
466,8.994691371917725,-27.67697846191444,8.750050384646462,-10.928852010300155,-41.21469919076806,21.5,4.505822005207274,0.05,0.007266044616699219,0.149702787399292,0.025471201,0.011275068,-27.87097950342084,-0.4269935706255579,-0.5525849102387846,21.5,10000,0.8900249004364014,0.23526718688907128,0.23206158504821164,4670000,-27.860369068268554,32.0
467,9.052172422409058,-28.397816538081635,8.564773061989957,-11.049960031931496,-40.463784158899465,17.5,4.005501782373276,0.05,0.006795644760131836,0.13945412635803223,0.024225825,0.01220678,-27.92366320688692,-0.4320963352324345,-0.5671151962777309,17.5,10000,0.8983190059661865,0.21235703799379807,0.21142027845769643,4680000,-27.12958034421578,32.0
468,8.977867841720581,-27.754836006033656,8.260395978553163,-10.826825894075647,-39.92086842868211,18.5,3.4934199707691955,0.05,0.006852149963378906,0.14373350143432617,0.025350347,0.013627814,-27.906780486801594,-0.4298798858191961,-0.5539273393584858,18.5,10000,0.9092731475830078,0.2108637583278182,0.21016612859430123,4690000,-27.28647788995378,33.0
469,8.874031066894531,-27.66771646232205,8.591710572121931,-12.638008190073675,-40.78717838915302,19.5,4.003765290065285,0.05,0.006394624710083008,0.14261102676391602,0.024159826,0.011424026,-27.882874084353638,-0.42797736191201813,-0.5525411326358494,19.5,10000,0.8916826248168945,0.22694656843131578,0.2276607855818412,4700000,-28.12947434500619,33.0
470,9.04946255683899,-27.599537410897575,7.813432598214575,-11.552535717870352,-38.705685551249964,18.0,4.264126257941707,0.05,0.00674128532409668,0.14072227478027344,0.026487751,0.011479705,-27.85454041700803,-0.4298723437580712,-0.5511429865029058,18.0,10000,0.890754222869873,0.19734546745134765,0.19678691271428347,4710000,-27.71768119567966,32.0
471,8.94898772239685,-28.21544986460208,8.043849759012142,-10.950184824363856,-40.83000692682925,16.5,4.965751145739899,0.05,0.0066034793853759766,0.14621210098266602,0.02446282,0.010632387,-27.890631361767436,-0.43177176889059327,-0.5629510789908629,16.5,10000,0.9088695049285889,0.19687964403574904,0.1955312311767556,4720000,-28.559647861509237,30.0
472,8.95227861404419,-27.927399618017326,9.00151905975161,-9.792046086085016,-41.120605748071426,26.0,4.054783220831638,0.05,0.006745100021362305,0.14327526092529297,0.023812808,0.011533721,-27.894308187392426,-0.42867983153771294,-0.5578415948074325,26.0,10000,0.8869998455047607,0.24081912175286158,0.2394481813046305,4730000,-26.532872136134664,41.0
473,9.087386846542358,-27.513466930335788,8.462485759562039,-10.252815036618342,-43.17120618727545,18.0,3.6677024927124418,0.05,0.006588935852050781,0.14419221878051758,0.02256337,0.012235917,-27.856224061686763,-0.42925063738361435,-0.5495206147304194,18.0,10000,0.8855860233306885,0.22312236294332918,0.22359950495853181,4740000,-26.965562200378386,39.0
474,8.974164009094238,-28.39174637250436,8.122156735262738,-11.367329510709428,-40.353152326649735,20.0,3.6446256458769906,0.05,0.0067141056060791016,0.1425182819366455,0.023747658,0.01276875,-27.909776292768523,-0.43203084124748287,-0.5668160349649887,20.0,10000,0.8801822662353516,0.20164526994184195,0.19682864797479196,4750000,-27.52358751270542,34.0
475,8.9593346118927,-27.5710180455483,8.802565139756094,-8.789423537636564,-40.636380394222776,22.5,4.453182926950432,0.05,0.007039785385131836,0.15376520156860352,0.023980841,0.011138037,-27.875900468046503,-0.4281908690414828,-0.5503745308668772,22.5,10000,0.8739006519317627,0.23631559960255197,0.23394580329410586,4760000,-29.295025484676763,28.0
476,9.062491178512573,-27.966314582481,8.694260146113525,-11.100149451501915,-60.29539119506766,21.0,4.00224851277951,0.05,0.006543159484863281,0.1547551155090332,0.024855427,0.012730428,-27.884941879489954,-0.4310222032219352,-0.5581194458800022,21.0,10000,0.885833740234375,0.22150920524699674,0.221938804522479,4770000,-27.061055837649274,38.0
477,9.014649629592896,-27.004035515316055,8.691066202231909,-10.903569965168021,-42.302367238374714,23.0,3.714879014857857,0.05,0.006453037261962891,0.14219427108764648,0.026422668,0.013415921,-27.796851243072567,-0.42600240994882205,-0.5392264768430747,23.0,10000,0.8925116062164307,0.24555186003886134,0.245244434922644,4780000,-27.328409453615382,37.0
478,9.031625747680664,-27.2796295608337,8.373303418958576,-10.485171555319438,-39.79429307338461,20.5,3.488931967129636,0.05,0.006476640701293945,0.14144253730773926,0.024955606,0.013969094,-27.74512907484868,-0.42637982829395843,-0.5448842787082081,20.5,10000,0.9109883308410645,0.224512746164503,0.22465902599146415,4790000,-26.52654792024206,40.0
479,8.890963077545166,-28.134325654755408,8.386208063537751,-12.866030460157019,-41.35647953147687,21.0,4.8467690853914,0.05,0.006295204162597656,0.14379405975341797,0.0258569,0.010390249,-27.784048732839352,-0.4297280541212602,-0.5613735111746553,21.0,10000,0.9103834629058838,0.21118360150437543,0.2100894168559114,4800000,-28.31171234670388,32.0
480,8.946122646331787,-28.590534435511444,8.653167719665412,-11.966715495769648,-56.4573645890989,21.5,3.656939931249641,0.05,0.00661015510559082,0.14300227165222168,0.025310183,0.013743519,-27.86469730310656,-0.43347353968323865,-0.5710515411379834,21.5,10000,0.9159207344055176,0.20901454150688933,0.20914373919508164,4810000,-27.740952249752795,33.0
481,9.133890628814697,-28.01093735677368,8.75947047687808,-11.894127099955067,-39.669267894268955,21.5,4.044611516089644,0.05,0.006522417068481445,0.1487736701965332,0.024509411,0.011709251,-27.879321308473273,-0.42807321625467815,-0.5590960057723678,21.5,10000,0.9185845851898193,0.2268184194985843,0.22726840202091922,4820000,-27.52009945650125,32.0
482,8.92258906364441,-27.51449837128004,9.168430346560651,-9.88132568289301,-41.547560263134955,28.0,3.856505484588161,0.05,0.006824493408203125,0.14243006706237793,0.02475934,0.012549056,-27.84283901475395,-0.42716717191524184,-0.5499488906797922,28.0,10000,0.9280257225036621,0.2558730312554104,0.2528033829485976,4830000,-26.85859552153513,37.0
483,9.118505001068115,-27.60038868856948,8.838612594227177,-9.870879420145787,-39.79382512510218,22.0,3.912426332621935,0.05,0.007076263427734375,0.145219087600708,0.023059934,0.011143568,-27.818593982135503,-0.4261464130658053,-0.5508610014865921,22.0,10000,0.9259994029998779,0.2373307842443489,0.23711591950483724,4840000,-26.474299898555014,38.0
484,9.102625370025635,-26.779588348148867,9.171777196011234,-12.419591615245851,-44.05372193130033,33.5,4.937029976012352,0.05,0.006433725357055664,0.14435839653015137,0.02470507,0.010117681,-27.714693418736843,-0.4203469214380153,-0.5346350878185153,33.5,10000,0.9108462333679199,0.2727965360253902,0.2701234664115866,4850000,-27.671896708958364,33.0
485,9.04647970199585,-28.138914799978316,8.548408099956587,-9.848744172239615,-40.36199308029255,18.0,3.9772305035053495,0.05,0.006642341613769531,0.14498472213745117,0.024877153,0.0123124495,-27.75711555686099,-0.42875870814906214,-0.5619912114867042,18.0,10000,0.889575719833374,0.22217078401333573,0.21979649704938656,4860000,-27.640498264011622,30.0
486,8.890800714492798,-27.905489757363476,8.674659419755221,-9.556612855714231,-41.74831938688916,20.5,4.034253623544761,0.05,0.006441831588745117,0.1467876434326172,0.023733325,0.012164801,-27.771952976911244,-0.4266160209211441,-0.5576389978644339,20.5,10000,0.8837213516235352,0.227774793847114,0.22731117579909632,4870000,-27.793566792794753,28.0
487,8.992507934570312,-27.599976102280163,8.607676697647221,-11.110844122581971,-39.861337017829804,27.5,3.2247061167125812,0.05,0.0066187381744384766,0.14118027687072754,0.024311941,0.015013772,-27.754755289448138,-0.42456494041376414,-0.5507017122600754,27.5,10000,0.8917458057403564,0.23255761361880467,0.23256985007119335,4880000,-29.405495510895367,25.0
488,8.93491005897522,-27.84366885827685,8.568653875392847,-9.860369893086983,-40.65425500094634,26.0,4.3912177780343695,0.05,0.006480216979980469,0.14257526397705078,0.024931679,0.011046083,-27.76364664633101,-0.42525362854916443,-0.5561907687229758,26.0,10000,0.886383056640625,0.2244214770648646,0.22506208667510802,4890000,-28.858826368220576,23.0
489,8.967982292175293,-26.297004918343603,8.33773908727523,-11.140068246304132,-40.15070091428908,26.0,4.211821539632059,0.05,0.006616830825805664,0.14155840873718262,0.024064314,0.012071811,-27.61698247353227,-0.4193468606121812,-0.5251557923490681,26.0,10000,0.8776140213012695,0.24527857573529221,0.24274891700640827,4900000,-28.173045388212085,31.0
490,9.1197030544281,-26.862574652184993,8.575652615982921,-11.884918175678196,-39.306452580557355,23.0,4.091712341835374,0.05,0.006569623947143555,0.15378808975219727,0.023827627,0.011454251,-27.541541691397544,-0.4226666730979884,-0.5365212298638573,23.0,10000,0.8776712417602539,0.24330035144523982,0.24267812914420228,4910000,-26.21738179600296,37.0
491,9.051851749420166,-28.63440202529877,9.68831908522783,-10.21248239836046,-56.262166800076635,25.0,4.37390143066466,0.05,0.006695747375488281,0.15526366233825684,0.024421606,0.011063737,-27.650827724787668,-0.4309869779662225,-0.571694234239662,25.0,10000,0.881831169128418,0.2611067003190398,0.2508147504972979,4920000,-25.669509040168055,44.0
492,9.05506157875061,-27.459223142539237,9.137607402326827,-9.209935948770857,-41.85934482298319,24.5,4.598194046938571,0.05,0.00671839714050293,0.15531444549560547,0.024006274,0.010902769,-27.631667266562825,-0.4260778893210827,-0.5486545900476822,24.5,10000,0.884249210357666,0.26267870520353465,0.2559399596883623,4930000,-25.51781655887571,43.0
493,8.984689950942993,-27.423805115798494,9.377805005591426,-8.199087665366196,-41.14267957667211,24.0,3.8728232938418428,0.05,0.006869316101074219,0.14247488975524902,0.025696747,0.012835469,-27.61088105148639,-0.42463253982713456,-0.5478895614610022,24.0,10000,0.8737220764160156,0.2623083697193943,0.2622219620533901,4940000,-26.115855650448513,38.0
494,8.920538902282715,-26.522067326968166,9.036241667298116,-9.52437005480316,-40.27280365701525,27.5,3.816123563466508,0.05,0.006378650665283203,0.15317440032958984,0.024298264,0.013012249,-27.50199967903457,-0.4206412479678511,-0.5300376427225085,27.5,10000,0.8808355331420898,0.2712177708240529,0.2691234374742235,4950000,-25.453497203572127,44.0
495,8.888491868972778,-27.854030968414527,8.84645710077924,-9.333057498542335,-40.99903598543359,17.0,3.6246642191605885,0.05,0.006685495376586914,0.1542346477508545,0.024914807,0.013435363,-27.537202807972566,-0.42704698002528674,-0.5557159311574777,17.0,10000,0.8778266906738281,0.23685210489278663,0.23120033524900782,4960000,-24.27366598140332,49.0
496,8.94818902015686,-28.56642633455171,9.107852388734837,-7.444885937232546,-42.444908139133325,20.5,3.6643293911594,0.05,0.006391286849975586,0.15619421005249023,0.023627326,0.013077121,-27.64012516063048,-0.43057567720921514,-0.5699456965671894,20.5,10000,0.8901078701019287,0.229719059297372,0.22946827636462974,4970000,-24.792135033773356,50.0
497,8.941514015197754,-28.027135484916908,9.397522444391317,-9.016661132386252,-44.342763925180925,21.0,4.34032890315337,0.05,0.006609439849853516,0.14504146575927734,0.02413691,0.011581114,-27.678826193059123,-0.4294657735497795,-0.5591925930886332,21.0,10000,0.8955247402191162,0.2518428124895979,0.24949698071153373,4980000,-24.30928664360707,54.0
498,8.964731931686401,-27.72117140421249,8.730996152515726,-9.85879108972214,-40.48215727594644,18.5,3.7193455496989034,0.05,0.0068814754486083984,0.1621537208557129,0.025535215,0.013171351,-27.68306071417446,-0.42684130223275785,-0.5530871829566475,18.5,10000,0.889671802520752,0.23048907980097066,0.23116665491776858,4990000,-26.101669517710487,42.0
499,8.878503322601318,-28.537952314837693,8.731983901362474,-8.762050027459804,-44.345405944107576,23.0,4.23887188739507,0.05,0.006326436996459961,0.14678573608398438,0.025157316,0.011980091,-27.768549874240783,-0.43017709729921777,-0.5703572533948893,23.0,10000,0.8828356266021729,0.216262505479211,0.21620472922027434,5000000,-26.01032964772734,44.0
