iteration,time_sampling,stoc_pol_mean,stoc_pol_std,stoc_pol_max,stoc_pol_min,rollout_success,alpha,delta,time_vpg,time_npg,kl_dist,surr_improvement,running_score,rwd_sparse,rwd_dense,success_percentage,num_samples,time_VF,VF_error_before,VF_error_after,env_samples,eval_score,eval_success
0,1.3995182514190674,11.629182920655559,0.015930969948563307,11.655797900676216,11.61344559084311,0.0,0.15709233002068754,0.1,0.03701925277709961,0.06115245819091797,0.052561585,0.86956716,11.629182920655559,0.0,0.15539447128701234,0.0,300,0.06410956382751465,0.9754359423110678,0.92746894720348,300,11.617886111820953,0.0
1,1.3166413307189941,11.027069454289851,0.8660979114919801,11.620189903429983,9.54051486159552,0.0,0.16415782831380446,0.1,0.0032377243041992188,0.0609743595123291,0.050087236,0.8632607,11.568971574018988,0.0,0.14814806959753962,0.0,300,0.032564640045166016,0.9236047317055944,0.848221839743605,600,11.614914548968917,0.0
2,1.3379387855529785,11.635228236892843,0.025447360187933317,11.674421636722824,11.604576006377897,0.0,0.16659284682067133,0.1,0.0030982494354248047,0.058103084564208984,0.052175283,0.7511791,11.575597240306374,0.0,0.1554988613884266,0.0,300,0.04106473922729492,0.8572329149489868,0.7426909472883199,900,11.618372116586128,0.0
3,1.3516080379486084,11.675562361668767,0.09629821273917266,11.840464087110517,11.59898274475741,0.0,0.16248742190491344,0.1,0.0028295516967773438,0.054257869720458984,0.050645318,0.807364,11.585593752442614,0.0,0.15594047508471343,0.0,300,0.0159759521484375,0.7423743076901835,0.566985916683165,1200,11.619072925200811,0.0
4,1.381622552871704,11.63903370930965,0.017397701134234698,11.66836039063786,11.625950395434236,0.0,0.17606890323483296,0.1,0.0028831958770751953,0.055472612380981445,0.053293955,0.91131604,11.590937748129319,0.0,0.15554437561507672,0.0,300,0.025577306747436523,0.5675126688994839,0.3512601607022066,1500,11.627232575972892,0.0
5,1.3562095165252686,11.020158042041276,2.1607724521590406,13.321714650436595,7.470790877121382,0.0,0.16433785376995272,0.1,0.0027098655700683594,0.052603960037231445,0.051651433,0.67777276,11.533859777520513,0.0,0.14830591938394524,0.0,300,0.07737922668457031,0.4161528063921786,0.29143082890826894,1800,11.624879211851171,0.0
6,1.348832607269287,11.315799353290915,0.5210702165116583,11.63294660844965,10.413447336780342,0.0,0.16291355773442173,0.1,0.0028810501098632812,0.0521852970123291,0.04929834,0.7129955,11.512053735097552,0.0,0.1517045940937501,0.0,300,0.21336841583251953,0.20576418333874724,0.1807782777096892,2100,11.639812780798978,0.0
7,1.3971703052520752,13.872436388768563,4.505386356676316,21.640224931728987,10.579893347369262,0.0,0.1597246382667311,0.1,0.0029125213623046875,0.05690598487854004,0.05057123,0.97266775,11.748092000464654,0.0,0.18602856551464664,0.0,300,0.025057077407836914,0.3341950232693363,0.3029408383668835,2400,11.64404990733965,0.0
8,1.4166111946105957,11.928798483518692,0.822945237881678,13.314592634173755,11.153098320422824,0.0,0.1743660723633618,0.1,0.002704143524169922,0.05301356315612793,0.050407913,0.7503203,11.76616264877006,0.0,0.16000412192411462,0.0,300,0.014885187149047852,0.24225437599480729,0.17445951695659867,2700,11.672207564704616,0.0
9,1.429149866104126,11.556507667303087,0.14091881926779698,11.656713649563576,11.313569375576062,0.0,0.1659535383491022,0.1,0.0028052330017089844,0.06120181083679199,0.04975676,1.9770366,11.745197150623364,0.0,0.1546314643032426,0.0,300,0.061890602111816406,0.14206280565463453,0.09232527346452112,3000,11.699706834901944,0.0
10,1.4401521682739258,13.450578682323153,3.162196788291177,18.92761945762753,11.611229458077172,0.0,0.16569139495233443,0.1,0.0033044815063476562,0.05912590026855469,0.049153723,1.2641827,11.915735303793342,0.0,0.17991968610591008,0.0,300,0.14501023292541504,0.22152131483323295,0.21009939570361047,3300,11.657532901429468,0.0
11,2.223386764526367,10.88880005436594,1.3022104145844928,11.644944391404929,8.63332116156072,0.0,0.1745686487339342,0.1,0.002923727035522461,0.0555722713470459,0.05036274,1.4367216,11.813041778850604,0.0,0.14601368683254948,0.0,300,0.03989267349243164,0.14230706863608042,0.13347611057295133,3600,11.660686948859905,0.0
12,1.4441637992858887,11.370395518920509,0.45051876590325163,11.647140932684204,10.590276190568291,0.0,0.16571514575437768,0.1,0.003160238265991211,0.05593395233154297,0.05050981,1.4404509,11.768777152857595,0.0,0.1524367058677221,0.0,300,0.04718637466430664,0.07504351153097615,0.07253657530981161,3900,11.677493424299202,0.0
13,1.4035499095916748,11.41713781097,0.5048920939919477,11.826477236499997,10.552187844144186,0.0,0.16861245377931527,0.1,0.0030291080474853516,0.05582690238952637,0.049977705,0.9227764,11.733613218668836,0.0,0.15298818728209357,0.0,300,0.0580902099609375,0.08197167778304394,0.07842039329819289,4200,11.698398626485867,0.0
14,1.4417855739593506,13.379581509162577,3.0696043133625475,18.695059514238928,11.50986563150104,0.0,0.1643808426668421,0.1,0.003300189971923828,0.058628082275390625,0.04886927,1.1779805,11.89821004771821,0.0,0.17928534567886417,0.0,300,0.12332797050476074,0.2066962757736042,0.17568757720893485,4500,11.705502519434818,0.0
15,1.472015142440796,10.855926837350841,1.2989909461063747,11.631713789043635,8.606411840452129,0.0,0.15697756750506028,0.1,0.0027599334716796875,0.05466198921203613,0.051115133,1.8960888,11.793981726681475,0.0,0.14564151112918688,0.0,300,1.4022390842437744,0.14295660304348692,0.1296304528127857,4800,11.539941149229888,0.0
16,1.447923183441162,12.880564084715084,2.36274055043709,16.957862754639606,11.196436819302471,0.0,0.16288712702717412,0.1,0.002776622772216797,0.05440497398376465,0.0505522,1.3683579,11.902639962484836,0.0,0.1730080996981081,0.0,300,0.11272382736206055,0.1469962319220498,0.1456543595794229,5100,12.068919372924862,0.0
17,1.417811393737793,12.251922793631506,1.0443759546385607,14.060761744711789,11.634051839231303,0.0,0.1623715938501359,0.1,0.002881765365600586,0.05834460258483887,0.050813656,1.2785469,11.937568245599504,0.0,0.16420421211664052,0.0,300,0.018414974212646484,0.10672170593159346,0.10215755287187385,5400,11.710935043476661,0.0
18,1.4293770790100098,13.81834351513112,3.8498092165642737,20.48355753996353,11.419434794749682,0.0,0.1701985963634564,0.1,0.002794027328491211,0.05752992630004883,0.04989669,1.0399232,12.125645772552666,0.0,0.1854221290945224,0.0,300,0.032361507415771484,0.2051659039173652,0.18766479211752168,5700,11.754525275125639,0.0
19,1.4423754215240479,11.13774350596021,0.5203278519252363,11.646427914490605,10.436734566315419,0.0,0.15978995049049663,0.1,0.002818584442138672,0.05655407905578613,0.049366836,1.5755557,12.02685554589342,0.0,0.1494302698935136,0.0,300,0.0314488410949707,0.11320724579797958,0.08108369237887171,6000,11.695920203600252,0.0
20,1.4528076648712158,12.244261921174095,2.259931154610457,16.105195947610294,10.452281677057007,0.0,0.16653514811794176,0.1,0.0027947425842285156,0.05568337440490723,0.049549423,1.4684446,12.048596183421488,0.0,0.16462919958288513,0.0,300,0.031285762786865234,0.14960559689719502,0.1510669218679678,6300,11.646501737884222,0.0
21,1.4904706478118896,9.739351442179947,1.2786629359044677,11.601958524573774,8.201035478571628,0.0,0.1578002536255078,0.1,0.002839803695678711,0.16027259826660156,0.049594324,2.339037,11.817671709297334,0.0,0.13170261606955108,0.0,300,0.032135963439941406,0.15163813078547303,0.10666708459047264,6600,10.676892081990415,0.0
22,1.5457451343536377,12.396095841898674,2.042684030149517,15.842100947346832,10.491838799137568,0.0,0.16488974503276999,0.1,0.003130197525024414,0.06499719619750977,0.05038841,1.5711675,11.875514122557469,0.0,0.16662852769680708,0.0,300,0.06528139114379883,0.15974599898472167,0.14235898019274784,6900,11.061610986578543,0.0
23,1.508371114730835,11.646470105467214,0.026021799364235886,11.680213611034382,11.609418025007308,0.0,0.17322109729915164,0.1,0.0029621124267578125,0.05423879623413086,0.050191082,1.2665006,11.852609720848443,0.0,0.15566462063219164,0.0,300,0.0307462215423584,0.07274469445304159,0.05034219152976526,7200,11.857100952139012,0.0
24,1.4990224838256836,13.252927849865628,3.3235748179390607,18.964249396478085,10.671462307732947,0.0,0.15549298587733423,0.1,0.002795696258544922,0.054949283599853516,0.04924476,1.173572,11.992641533750163,0.0,0.17747295335646754,0.0,300,0.05503654479980469,0.18198795744090832,0.17035063321853677,7500,11.561543461663769,0.0
25,1.538381576538086,11.636976094060621,0.018829039138755513,11.662175986796564,11.614234750153477,0.0,0.18099925749229517,0.1,0.002926349639892578,0.06344771385192871,0.049022976,2.2337976,11.95707498978121,0.0,0.15553625319070577,0.0,300,0.14580821990966797,0.08351956874993474,0.061708261916057536,7800,9.396954077375653,0.0
26,1.6181573867797852,11.729594171729525,0.19200815263752605,12.061544556950802,11.607337560732637,0.0,0.17612854102896072,0.1,0.0029523372650146484,0.06445622444152832,0.049716435,1.7394938,11.934326907976041,0.0,0.15726032935688966,0.0,300,1.4779818058013916,0.06786177684368808,0.05496244075469983,8100,11.748147437152811,0.0
27,1.5494441986083984,12.765947321791604,1.927582682820613,16.10441261998436,11.630198969770802,0.0,0.1863025305188192,0.1,0.002863645553588867,0.05560755729675293,0.050304834,1.1700135,12.017488949357599,0.0,0.17106720363223704,0.0,300,0.058851003646850586,0.12101354852926005,0.11429575812950697,8400,11.823667699472194,0.0
28,1.3925321102142334,11.737993853460093,0.2957145729556138,12.198440558416895,11.38796211017543,0.0,0.1646677109961622,0.1,0.556107759475708,0.5834286212921143,0.049269408,2.0862637,11.98953943976785,0.0,0.1577803211768546,0.0,300,1.3977162837982178,0.05671383907769356,0.057120178067559244,8700,12.163830950424241,0.0
29,1.4674615859985352,12.384125253692648,1.3620674495941056,14.742675348409715,11.549716477903655,0.0,0.16876325606175618,0.1,0.0028421878814697266,0.05578041076660156,0.050300837,2.242337,12.02899802116033,0.0,0.16621975820251936,0.0,300,0.07763504981994629,0.08832031325789934,0.08468237649788339,9000,11.63907359866606,0.0
30,1.4708952903747559,12.743328610320775,1.8823545379200555,16.00299811241165,11.61687136573436,0.0,0.16783931064918467,0.1,0.003195047378540039,0.05611729621887207,0.0508129,2.030087,12.100431080076374,0.0,0.17078702481304986,0.0,300,0.022676467895507812,0.10251793694130035,0.099724364659598,9300,11.684540885480644,0.0
31,1.466177225112915,11.678092382662868,0.02463215067882594,11.712939071199802,11.646965445713798,0.0,0.1832373120458754,0.1,0.0028111934661865234,0.054399728775024414,0.049677376,1.3168005,12.058197210335024,0.0,0.1560837991005123,0.0,300,0.018822908401489258,0.04626270797238337,0.037101103517720634,9600,11.660102283470735,0.0
32,1.4785373210906982,10.80514449609721,1.1856526526785112,11.68004399181617,8.790750634860006,0.0,0.1964132204733876,0.1,0.002855062484741211,0.05952906608581543,0.050021272,0.8569941,11.932891938911244,0.0,0.14542771081221995,0.0,300,0.04657769203186035,0.10328391103959515,0.05683417832017947,9900,10.914335825601086,0.0
33,1.5098440647125244,11.089557126428963,0.6000082931818558,11.721526965651371,10.453523145635836,0.0,0.16836538243993113,0.1,0.002851724624633789,0.061279296875,0.050422788,3.4145162,11.848558457663016,0.0,0.1492233167656601,0.0,300,0.017634153366088867,0.051169284166426965,0.06117131216384781,10200,10.377971847423664,0.0
34,1.5287466049194336,11.628717178879038,0.4290143937025282,12.233271418965764,11.019899048767607,0.0,0.15474308269083314,0.1,0.0027701854705810547,0.055403709411621094,0.050168842,4.008931,11.826574329784616,0.0,0.15626479432068216,0.0,300,0.022242069244384766,0.07771655784581108,0.049715096465819855,10500,12.625190455387317,0.0
35,1.4997284412384033,13.069819911266926,4.304416226901692,20.39591835941895,9.394354963755317,0.0,0.1840820532229212,0.1,0.002933502197265625,0.09891676902770996,0.05014283,1.171511,11.950898887932848,0.0,0.1758816450665125,0.0,300,0.0697016716003418,0.2343958692717211,0.20561669854864403,10800,11.390416666743173,0.0
36,1.52085542678833,11.542064011664786,3.984570446417859,18.159669945750004,7.888931165081123,0.0,0.16074180188005313,0.1,0.003015279769897461,0.055913448333740234,0.050055657,1.917442,11.910015400306042,0.0,0.1562539208187866,0.0,300,0.13482213020324707,0.2948510481826622,0.25981080862820827,11100,15.314931778549585,0.0
37,1.5591564178466797,12.585346111874687,1.8886203760136082,15.84461920600501,11.350180467231837,0.0,0.15388674946694117,0.1,0.0028793811798095703,0.05527377128601074,0.050700415,1.6901515,11.977548471462907,0.0,0.1693477158471575,0.0,300,0.12521934509277344,0.08759292293117768,0.09126195087135743,11400,11.420219304718545,0.0
38,1.508882761001587,12.986030184561667,1.139762159744095,14.177175836740552,11.10703713111231,0.0,0.16788058894510333,0.1,0.0028121471405029297,0.055739641189575195,0.049853075,1.5656562,12.078396642772782,0.0,0.17522645979621382,0.0,300,0.09769916534423828,0.09461690813551894,0.08247220136543769,11700,12.201781552941066,0.0
39,1.5023229122161865,11.158561712105413,0.6960685361959719,11.754589020467968,10.02770519616179,0.0,0.1617663143233654,0.1,0.0029726028442382812,0.05584001541137695,0.05005615,2.3410826,11.986413149706046,0.0,0.1495924995441418,0.0,300,0.09024667739868164,0.05829929335893804,0.05594476076470156,12000,27.2350799634637,0.0
40,1.5537559986114502,11.576890790007441,0.13089036149970704,11.730734351876666,11.405098793974517,0.0,0.16594525738827964,0.1,0.0030846595764160156,0.057227134704589844,0.050724715,2.8864558,11.945460913736184,0.0,0.15538607972489557,0.0,300,0.5933611392974854,0.05007261543818947,0.041772077469805186,12300,18.372344305179272,0.0
41,1.71832275390625,11.521712845025565,0.37190433441131987,11.894091402960337,10.90213240839768,0.0,0.16194834902906988,0.1,0.0032777786254882812,0.058542490005493164,0.05025169,2.9881725,11.903086106865121,0.0,0.1544615760591288,0.0,300,0.01905965805053711,0.03553442902673736,0.03039971121897505,12600,21.892730700910164,0.0
42,1.5607104301452637,12.446291442758127,1.337983893052326,14.761977045040025,11.627914682130841,0.0,0.16248254838544512,0.1,0.003065347671508789,0.057523250579833984,0.04984201,6.285416,11.957406640454423,0.0,0.1668062975596215,0.0,300,0.062105655670166016,0.0716514864312612,0.06386965350006009,12900,11.604586500812035,0.0
43,1.5537207126617432,15.491271249627843,2.5013905532147724,18.463072648196572,11.699475798599817,0.0,0.17756889554478092,0.1,0.0029456615447998047,0.06252670288085938,0.050171744,0.96860117,12.310793101371765,0.0,0.20841594131476865,0.0,300,0.03215813636779785,0.15098828700775957,0.10871029921225087,13200,22.972474466068956,0.0
44,1.6010351181030273,12.55644139428451,1.1097795948061422,14.180607438191435,11.297594489919902,0.0,0.1580906948543709,0.1,0.0032253265380859375,0.05787253379821777,0.049674533,1.940675,12.33535793066304,0.0,0.16967320167744038,0.0,300,0.07802820205688477,0.1460529958568622,0.09290985511593775,13500,11.601140385128575,0.0
45,1.605067491531372,11.392136631664762,0.37134220563236925,11.801170686197061,10.943569942472998,0.0,0.1674205532091741,0.1,0.0035059452056884766,0.05575895309448242,0.05056944,2.1969578,12.241035800763212,0.0,0.15317539488016793,0.0,300,0.03894829750061035,0.14198812137139794,0.06121486924402069,13800,11.601776979377108,0.0
46,1.5271589756011963,14.050754920624497,4.253121734444977,21.417033854374765,11.53184935158851,0.0,0.16466045657774178,0.1,0.0027022361755371094,0.05208420753479004,0.050011303,1.6178399,12.422007712749341,0.0,0.18871601060331647,0.0,300,0.16768503189086914,0.2439476956264539,0.22686701460502992,14100,11.604020445547926,0.0
47,1.4040563106536865,12.176684638950048,4.6627947964387495,18.88392760904711,7.803693101543345,0.0,0.1677920423879032,0.1,0.003001689910888672,0.054987430572509766,0.05014813,1.0692028,12.397475405369413,0.0,0.16467952191877816,0.0,300,0.19838762283325195,0.2380665093604521,0.24358727994971768,14400,11.60482573251835,0.0
48,1.4177472591400146,13.80642734509757,1.7295050887164896,16.413541402089766,11.642569796967614,0.0,0.16137230404560848,0.1,0.0029833316802978516,0.05926680564880371,0.049127758,2.4572096,12.53837059934223,0.0,0.18516650339017707,0.0,300,0.07052421569824219,0.06957569831056191,0.061579886952660055,14700,11.60131122342215,0.0
49,1.4994170665740967,12.745305881385711,1.7000130245793845,15.286411199502334,10.68048975311309,0.0,0.16613918244985185,0.1,0.003196239471435547,0.05844616889953613,0.04992833,1.2285938,12.559064127546579,0.0,0.17122227331702436,0.0,300,0.18578577041625977,0.08868615335904341,0.0804081148903485,15000,11.605763775159522,0.0
50,1.4910194873809814,12.561183554039754,2.2346849183937576,16.37691807833174,10.68888775721257,0.0,0.180938257057355,0.1,0.0032112598419189453,0.06333136558532715,0.050404295,0.844208,12.559276070195896,0.0,0.16863281387388687,0.0,300,0.19483089447021484,0.09202801689959017,0.07478657367294776,15300,11.611828817279617,0.0
51,1.5607333183288574,17.311741466351087,6.413369995579437,28.194352185557392,11.656458004679072,0.0,0.1744045593997087,0.1,0.0030596256256103516,0.06079387664794922,0.05053734,0.89920336,13.034522609811415,0.0,0.23228467515288348,0.0,300,0.03108525276184082,0.2971492571514323,0.2273018850050255,15600,11.608858258248093,0.0
52,1.537773847579956,14.20348402581256,2.472028138503782,18.255995441396365,11.716638399794721,0.0,0.17132696489653293,0.1,0.0029914379119873047,0.058287858963012695,0.049896624,0.90209043,13.15141875141153,0.0,0.19062827003874094,0.0,300,0.09393978118896484,0.16114836185836034,0.18647338105594422,15900,11.604317449914861,0.0
53,1.5645854473114014,10.856751954686725,1.1332610046149256,12.052302841040865,9.22648345858365,0.0,0.1732855842395378,0.1,0.0031516551971435547,0.05847644805908203,0.049938995,1.081359,12.92195207173905,0.0,0.146092834616263,0.0,300,0.06166481971740723,0.6789841680605754,0.12302332348748475,16200,11.601470762646153,0.0
54,1.5652751922607422,12.594866830562536,1.5702052077253703,15.183497094785485,11.273286162744405,0.0,0.17896723822592148,0.1,0.003041505813598633,0.05784201622009277,0.05055382,0.98864776,12.8892435476214,0.0,0.17027204703933058,0.0,300,0.08217287063598633,0.087956514223588,0.14600282609627707,16500,11.602214146953743,0.0
55,1.6224586963653564,10.040830001221304,1.8573815467808883,12.593895743133025,7.99051380975677,0.0,0.16477270661570256,0.1,0.0030243396759033203,0.058388710021972656,0.050259788,1.3313637,12.60440219298139,0.0,0.13590664944582717,0.0,300,0.05513262748718262,0.09552196112312653,0.10727067963879656,16800,11.606689280104208,0.0
56,1.631263256072998,10.427640546267659,1.118247646264927,12.051847088229485,9.119613966008258,0.0,0.17225581986740385,0.1,0.003206491470336914,0.05783963203430176,0.050514854,0.84792167,12.386726028310017,0.0,0.1396063378727609,0.0,300,0.12502431869506836,0.09424993005674306,0.08757869066479204,17100,11.623327197879311,0.0
57,1.6330459117889404,12.33293113914705,2.5434415578929754,16.64721525032472,10.177871292151552,0.0,0.17099691461908675,0.1,0.003058910369873047,0.15468192100524902,0.04962579,1.1035395,12.38134653939372,0.0,0.16594669889874789,0.0,300,0.15472912788391113,0.17571843257570774,0.12298057541252326,17400,11.628501488762486,0.0
58,1.678961992263794,11.338658637146668,2.0236460374807694,14.312246304924784,8.981157309811062,0.0,0.16563953016931146,0.1,0.002959728240966797,0.056850433349609375,0.04999356,1.1511288,12.277077749169013,0.0,0.1529478391969158,0.0,300,0.03992009162902832,0.08803352943224266,0.08614267396613165,17700,11.605868911263835,0.0
59,1.5713412761688232,15.718085809928226,3.4978932734370107,21.30016298401953,11.667209995123866,0.0,0.18714645356438442,0.1,0.0032858848571777344,0.05780029296875,0.05103981,0.8712977,12.621178555244935,0.0,0.2114217326435551,0.0,300,0.3142526149749756,0.1867475416611333,0.12630085033199967,18000,11.623557141537256,0.0
60,1.5566940307617188,14.069539797105246,5.810322049327463,23.601628768390466,7.972798679790918,0.0,0.15224784797781848,0.1,0.0027441978454589844,0.05714130401611328,0.050533865,1.8324887,12.766014679430967,0.0,0.18946735845690982,0.0,300,0.23107218742370605,0.2622498608426092,0.2697727520598609,18300,11.620723529040847,0.0
61,1.562445878982544,11.458396616131665,2.7546654091147658,15.815481062026794,8.275453093882284,0.0,0.17239974020829377,0.1,0.0026845932006835938,0.0546875,0.05009973,1.246524,12.635252873101036,0.0,0.15359554624610977,0.0,300,0.15929651260375977,0.30627456007115916,0.18787298427507398,18600,11.622820838579218,0.0
62,1.6192967891693115,13.434530942415407,3.5618746067234066,18.65159602970425,9.814283695480851,0.0,0.17563551246885795,0.1,0.003015279769897461,0.055550575256347656,0.049785558,0.96249115,12.715180680032473,0.0,0.18139243055725993,0.0,300,0.05675625801086426,0.17297222876037865,0.181778073345493,18900,11.631482581435057,0.0
63,1.5993683338165283,15.841925988840632,5.158953319095634,21.042260685419635,10.071020448591671,0.0,0.17406276822549768,0.1,0.003421306610107422,0.05962014198303223,0.049362067,0.93567646,13.02785521091329,0.0,0.21315848225135192,0.0,300,0.14678263664245605,0.24708047540327346,0.2012156054042343,19200,11.621355072513893,0.0
64,1.5801782608032227,14.640968260973072,3.030661171498079,18.30896868031327,11.596929630962954,0.0,0.17003094750315562,0.1,0.0031468868255615234,0.05624842643737793,0.050363965,1.0339453,13.189166515919268,0.0,0.1963663624776358,0.0,300,0.16311359405517578,0.14696894205490718,0.1230408305342937,19500,11.614870677030327,0.0
65,1.6564488410949707,13.513010635816338,2.732718778440539,17.670796295203868,10.68648403383439,0.0,0.15796087534620565,0.1,0.0033540725708007812,0.056194305419921875,0.050406866,1.87635,13.221550927908975,0.0,0.18237466292968543,0.0,300,0.13634061813354492,0.1417298162495349,0.11275804058016511,19800,11.620697352040482,0.0
66,1.5643441677093506,12.595880108761069,3.5433893759588755,17.259499006053286,7.9858059351910455,0.0,0.1622031912403161,0.1,0.0030241012573242188,0.055806636810302734,0.049296737,0.9661124,13.158983845994186,0.0,0.1697596229401595,0.0,300,0.18916869163513184,0.20914195150018336,0.14362678696149075,20100,11.657745051378152,0.0
67,1.653428554534912,20.35917697061232,4.174854337547287,23.64387217675544,13.230568756003896,0.0,0.1732519617006593,0.1,0.0032782554626464844,0.055394649505615234,0.04887544,0.7358577,13.879003158456001,0.0,0.27380797634798004,0.0,300,0.144179105758667,0.2758558381674601,0.18216759642535527,20400,11.650560366044159,0.0
68,1.6369013786315918,17.232612770245176,2.4674233863393398,19.705226925039533,14.745717230019622,0.0,0.16609325377592637,0.1,0.0029997825622558594,0.054262638092041016,0.049666956,1.4574839,14.214364119634919,0.0,0.2321499996957176,0.0,300,0.1832122802734375,0.08282537279300967,0.07152387662098363,20700,16.11700375946868,0.0
69,1.618215560913086,14.153221933645417,3.586543576673815,20.295235743180825,11.600634644538804,0.0,0.1583154535209429,0.1,0.0029349327087402344,0.052648067474365234,0.049397953,1.4112624,14.20824990103597,0.0,0.1900578691690144,0.0,300,0.06039023399353027,0.35345589106791947,0.1849474256389576,21000,17.90362068186911,0.0
70,1.5958659648895264,13.868171105883683,2.417171362509045,16.600780528261385,11.295681727324673,0.0,0.16994149566280614,0.1,0.0029821395874023438,0.05639195442199707,0.04932397,0.76786935,14.17424202152074,0.0,0.1863171404718477,0.0,300,0.029583215713500977,0.17820206649444817,0.11365282179731842,21300,18.036885942734706,0.0
71,1.6360628604888916,12.58453873197957,1.93695287720533,15.08406775072663,10.610272544431934,0.0,0.16365132060412563,0.1,0.0030121803283691406,0.05422258377075195,0.049824096,1.3118852,14.015271692566625,0.0,0.16971911517750682,0.0,300,0.10804414749145508,0.05782904102397493,0.07732457081478854,21600,17.804280273317662,0.0
72,1.6994190216064453,15.945619379476243,6.036296383906378,23.913337968149527,8.171500265404259,0.0,0.16885700008610996,0.1,0.0031147003173828125,0.05487561225891113,0.050284006,0.84553844,14.208306461257587,0.0,0.2149803869753371,0.0,300,0.1958930492401123,0.291826025289637,0.24851457601306157,21900,16.191615278785275,0.0
73,1.6469531059265137,13.62836100445444,2.0172846977651213,16.0183296171499,11.609027998122535,0.0,0.1716761033945713,0.1,0.002844095230102539,0.054418087005615234,0.049444743,1.1768352,14.150311915577273,0.0,0.18308953839659253,0.0,300,0.26969242095947266,0.09443959061446619,0.0825527035713636,22200,11.613857734812415,0.0
74,1.647512674331665,14.848939451429079,2.4903768645382773,18.056516171406066,11.788987457170624,0.0,0.16716359554939847,0.1,0.0029382705688476562,0.06003689765930176,0.0492107,0.98078555,14.220174669162454,0.0,0.19982624879907848,0.0,300,0.03192281723022461,0.0657939999272033,0.06917818872755052,22500,11.622367024704106,0.0
75,1.685978651046753,15.475847031943825,3.983224951959623,18.754655918785936,8.738923496271543,0.0,0.16553298338261555,0.1,0.0029370784759521484,0.060953378677368164,0.04992455,0.6460522,14.345741905440592,0.0,0.20743016724205993,0.0,300,0.018641948699951172,0.12347318490061508,0.12119610963308255,22800,11.62618782797862,0.0
76,1.6423065662384033,17.327383751768288,4.650482543930052,24.006343467567945,12.766254111257531,0.0,0.16893761040303532,0.1,0.0029532909393310547,0.05674600601196289,0.051560894,1.2085431,14.643906090073363,0.0,0.2334084860885772,0.0,300,0.04361271858215332,0.1774880655615011,0.15749854907438823,23100,11.631611326965269,0.0
77,1.662564992904663,12.303088391481229,1.3283250053183875,14.368717159551831,10.671217863058066,0.0,0.1651193446410092,0.1,0.0028769969940185547,0.05548810958862305,0.05030611,2.4776034,14.409824320214149,0.0,0.1656187738800594,0.0,300,0.06069326400756836,0.27555496465746315,0.1491875508038926,23400,11.620234585078805,0.0
78,1.726109266281128,15.98255743756042,2.354396252016753,19.504975819527647,13.015082944821426,0.0,0.18504174929646008,0.1,0.003464221954345703,0.05522894859313965,0.049441136,0.6633798,14.567097631948776,0.0,0.21399794164545163,0.0,300,0.2983691692352295,0.11485454168548706,0.13172280835041827,23700,11.61865633133093,0.0
79,1.7322211265563965,11.320258706411483,1.997601168619697,13.681202906552015,8.149021218899666,0.0,0.16693367568549508,0.1,0.003026247024536133,0.054776668548583984,0.04985962,1.2505962,14.242413739395047,0.0,0.15222949887243936,0.0,300,0.02378368377685547,0.20838187164075544,0.1252548803788491,24000,11.604316574915687,0.0
80,1.813891887664795,13.41948098146042,1.2730870139944759,14.841025886746962,11.68584639060952,0.0,0.19139861763342464,0.1,0.0031669139862060547,0.05391836166381836,0.050055686,0.95381814,14.160120463601586,0.0,0.18080866267408036,0.0,300,0.670567512512207,0.09430166667114288,0.10760530203554704,24300,11.607221345785609,0.0
81,1.8853428363800049,11.375405239336526,4.294980483349719,16.621834917094407,4.763175855722188,0.0,0.16819786864792363,0.1,0.002911090850830078,0.054244041442871094,0.049696375,0.61753905,13.881648941175081,0.0,0.15315253580569083,0.0,300,1.0498871803283691,0.2410722411560786,0.23449512853654056,24600,11.60228096830903,0.0
82,1.583045482635498,17.102077125156182,5.990809687849726,27.18752072439744,11.59488671063781,0.0,0.17779467913959837,0.1,0.0034863948822021484,0.05745840072631836,0.049425486,1.042053,14.203691759573191,0.0,0.22972739309593804,0.0,300,0.49338483810424805,0.28559381137362744,0.2134091705134136,24900,11.601408888897746,0.0
83,1.6157073974609375,13.799634029078707,4.37017635852765,21.326745941788367,10.537763711937082,0.0,0.16706224713184667,0.1,0.008083343505859375,0.05634307861328125,0.05057876,1.3621732,14.163285986523743,0.0,0.18535809978201456,0.0,300,0.6780695915222168,0.16031987643252557,0.17261717987880326,25200,11.603402632719352,0.0
84,1.603273630142212,17.489860920844563,5.4303201354890795,24.293830520504958,11.634498043656315,0.0,0.1764083915538895,0.1,0.003190755844116211,0.06336236000061035,0.049696386,1.0902817,14.495943479955825,0.0,0.23480978529809302,0.0,300,0.05616569519042969,0.17492486848029026,0.16083610272215668,25500,11.603825775662552,0.0
85,1.6237883567810059,16.98844866849001,7.107377801729811,25.618912915778303,8.304371172029336,0.0,0.1727683819853715,0.1,0.003225564956665039,0.05615377426147461,0.050532658,0.8810963,14.745193998809244,0.0,0.22721199147817658,0.0,300,0.48995494842529297,0.30655148762326445,0.2938064405059331,25800,11.60285282520219,0.0
86,1.6150312423706055,13.775087128431043,2.2591210198342213,16.667765116760087,11.391691774388228,0.0,0.1707236374025479,0.1,0.003080129623413086,0.05660200119018555,0.05008001,1.2330331,14.648183311771424,0.0,0.1855050350362275,0.0,300,0.1708235740661621,0.17265872247197944,0.09010628380893179,26100,11.60810968651984,0.0
87,1.6803104877471924,15.864388157012332,4.970305440015434,23.133568046583463,9.159949885847958,0.0,0.16731546487447962,0.1,0.0030031204223632812,0.05654263496398926,0.049927723,4.2684994,14.769803796295516,0.0,0.21388270367193424,0.0,300,0.0166928768157959,0.2044101167319787,0.21852553494026622,26400,11.628444593871421,0.0
88,1.724212884902954,14.110396515410073,2.7203899045521336,18.588177746513157,11.771413094868358,0.0,0.15381793944781605,0.1,0.0029959678649902344,0.05889606475830078,0.050515056,1.7049224,14.70386306820697,0.0,0.1894806422943177,0.0,300,0.06963253021240234,0.08565284218119255,0.08311199556306252,26700,11.650499565390044,0.0
89,1.6681318283081055,11.180933123441342,2.5030734730504243,14.894351970654446,8.002455255293897,0.0,0.1667199909411743,0.1,0.0028815269470214844,0.05582690238952637,0.05013303,0.8840669,14.351570073730409,0.0,0.1509424129861268,0.0,300,0.06463122367858887,0.1656449600155891,0.12443704498144598,27000,11.609039077186003,0.0
90,1.6635491847991943,15.179272649031114,4.256699780527921,21.021559677958194,9.945473140315272,0.0,0.17786166878256074,0.1,0.0030303001403808594,0.0555269718170166,0.049194567,0.82020295,14.43434033126048,0.0,0.20471489216871436,0.0,300,0.06038379669189453,0.18001296209374767,0.16406508559120497,27300,11.610433505064362,0.0
91,1.779263973236084,12.116811500098397,2.6696524034438367,15.346556372986871,8.090988602748554,0.0,0.17032011618496748,0.1,0.0029649734497070312,0.062247514724731445,0.050486267,1.0837241,14.202587448144271,0.0,0.1634264969974465,0.0,300,0.28820228576660156,0.14315300626469984,0.1515189678899789,27600,11.6371315401148,0.0
92,1.8019375801086426,15.787468134212574,4.043249872388126,20.317598855660496,11.138286386348113,0.0,0.17455787510474802,0.1,0.0029783248901367188,0.17539143562316895,0.04948079,0.8936449,14.361075516751102,0.0,0.21285248427091452,0.0,300,0.0788278579711914,0.17856033617657968,0.15458705543313772,27900,11.618691426877506,0.0
93,1.714818000793457,12.83549956221756,2.061984854398755,15.899802827113303,10.345586142379807,0.0,0.15730670261149207,0.1,0.003149747848510742,0.05820822715759277,0.050222397,1.1060214,14.208517921297748,0.0,0.17300130854573592,0.0,300,0.0598292350769043,0.0814673960647066,0.08344719606516543,28200,11.655852159917492,0.0
94,1.8166849613189697,12.333392338206481,6.411495728867256,22.764474334077217,5.66046322690093,0.0,0.16444158847698204,0.1,0.003435373306274414,0.057286739349365234,0.04895336,0.83125806,14.021005362988621,0.0,0.1666278956141321,0.0,300,0.1323566436767578,0.3860374036670881,0.33404049886134307,28500,11.645940216946158,0.0
95,1.8968214988708496,11.778133070504817,2.3101571340353426,14.528122040587895,8.192147557166779,0.0,0.16549774580739132,0.1,0.0030019283294677734,0.061959266662597656,0.050440326,0.73957825,13.79671813374024,0.0,0.15859335378823558,0.0,300,0.2335493564605713,0.10196557816521881,0.0962491169891034,28800,11.635369700271179,0.0
96,1.8055658340454102,19.611953110908395,5.186694251531851,26.07649547769205,14.119460002207573,0.0,0.17020407427356066,0.1,0.0028982162475585938,0.05335831642150879,0.05084744,1.2573322,14.378241631457056,0.0,0.2636943283815141,0.0,300,0.26770758628845215,0.3451941809801425,0.25257534530854653,29100,11.659244421597046,0.0
97,1.8531641960144043,15.532548528746421,1.3503371662268653,17.08147783741436,14.042989718676916,0.0,0.17114063977394636,0.1,0.002810239791870117,0.05407142639160156,0.04956836,1.1984181,14.493672321185993,0.0,0.20947031024073914,0.0,300,0.10743522644042969,0.07663474504585809,0.04219022729382992,29400,22.988704687519824,0.0
98,1.7547056674957275,18.624111880269552,4.979408719034422,26.402822920614476,13.746437755389932,0.0,0.18462122393162433,0.1,0.0027153491973876953,0.05517387390136719,0.050266776,0.933025,14.90671627709435,0.0,0.25056081619513926,0.0,300,0.04492330551147461,0.13079674934625396,0.12144420478502525,29700,16.730597517111498,0.0
99,1.675706386566162,14.793938494782209,6.583650852527299,26.18563632394855,10.656838468922418,0.0,0.17044087553914844,0.1,0.003275156021118164,0.1315138339996338,0.05015874,1.0485845,14.895438498863136,0.0,0.19840609272087076,0.0,300,0.057654380798339844,0.3997794381245491,0.3133147851086213,30000,15.73177467650448,0.0
100,1.6617131233215332,12.672260707202572,3.940872998732571,19.45425018003887,9.953149947641386,0.0,0.16811882759384777,0.1,0.0043981075286865234,0.06003141403198242,0.049308635,2.2697966,14.67312071969708,0.0,0.17098805734200068,0.0,300,0.2610588073730469,0.3768946405836091,0.1604256652712313,30300,15.6005146323723,0.0
101,1.7310941219329834,17.281676548205457,2.6749027786181676,20.193969560883893,13.729019420121809,0.0,0.1611691510581897,0.1,0.0031425952911376953,0.06001162528991699,0.049455658,1.0882864,14.933976302547917,0.0,0.2325666203415949,0.0,300,1.0810744762420654,0.14970421130115266,0.1833184348248728,30600,18.081831592556902,0.0
102,1.818253993988037,13.020328704247452,1.89291477923914,16.22017999205608,11.53258694632755,0.0,0.18414443650764853,0.1,0.0031435489654541016,0.06000113487243652,0.050341427,0.64436096,14.74261154271787,0.0,0.1743653409053425,0.0,300,0.41519641876220703,0.06994503099253853,0.06417410008436879,30900,12.37547065194036,0.0
103,1.9107859134674072,14.75896095867205,2.9850068175581366,19.926368988647734,12.883072951737443,0.0,0.17898655910313763,0.1,0.0039708614349365234,0.06163930892944336,0.050601386,1.0507159,14.744246484313289,0.0,0.19912450188724648,0.0,300,0.12926721572875977,0.1075762833201266,0.10036367354524368,31200,18.212573520243236,0.0
104,1.8981750011444092,14.043676564547539,1.0634475620528,14.97069214849077,12.2503868318251,0.0,0.16132160644180704,0.1,0.0031843185424804688,0.06021690368652344,0.049374506,1.2228371,14.674189492336714,0.0,0.189562398340558,0.0,300,0.04561758041381836,0.05032063159688434,0.047613057756588126,31500,13.414192723696495,0.0
105,1.9237730503082275,11.010901326680838,2.8521433517881696,15.39931884785096,7.62126373123292,0.0,0.16792841758851082,0.1,0.0031747817993164062,0.058799028396606445,0.04904247,0.7301727,14.307860675771126,0.0,0.14816276199641687,0.0,300,0.062131643295288086,0.258379635540432,0.18555244550480776,31800,17.75338468574561,0.0
106,1.8697748184204102,17.03383567715625,4.319570476925999,23.451576824746223,11.787005499627119,0.0,0.16903786359866782,0.1,0.009088516235351562,0.05879020690917969,0.050515648,0.9665936,14.580458175909637,0.0,0.22883892212407797,0.0,300,0.033327579498291016,0.18026932826080416,0.16737627865558852,32100,15.533788850026037,0.0
107,1.936133861541748,16.460495753216595,3.7423821955326435,21.563244829908815,10.996310040938365,0.0,0.17872320848818277,0.1,0.008608102798461914,0.05879068374633789,0.049769197,0.72462285,14.768461933640333,0.0,0.22111020811500992,0.0,300,0.021437406539916992,0.14623141880552804,0.09994629630754612,32400,15.60517305249553,0.0
108,1.815049648284912,17.206720818552377,0.7551135342878498,17.86334105631068,15.922453076955689,0.0,0.16552915529455908,0.1,0.0030002593994140625,0.054419755935668945,0.050638143,0.8387679,15.012287822131539,0.0,0.23178202956392782,0.0,300,0.1265547275543213,0.044935380635179045,0.048947625317133696,32700,15.708545644008346,0.0
109,1.7420616149902344,13.605294479889736,2.6120580938505453,16.952516790335277,9.78974800783103,0.0,0.1647054728704373,0.1,0.004471540451049805,0.05335068702697754,0.04957588,0.6961533,14.871588487907358,0.0,0.18366502232629672,0.0,300,0.05656933784484863,0.24808423373698907,0.1443940156543243,33000,13.747889501408016,0.0
110,1.7945072650909424,16.187645413115796,2.2680597736675354,19.501535397494074,13.68621705736473,0.0,0.1698256064800407,0.1,0.002753019332885742,0.052032470703125,0.050374642,0.9029161,15.003194180428201,0.0,0.21737746824897267,0.0,300,0.04753899574279785,0.06940126693827055,0.08308860459789393,33300,18.09494592609653,0.0
111,1.751218318939209,13.950237198689983,5.440186554988093,19.752190638333424,5.414617719696114,0.0,0.16148646203968098,0.1,0.0027332305908203125,0.056749820709228516,0.049197197,0.63383734,14.89789848225438,0.0,0.1875608848287642,0.0,300,0.019469261169433594,0.21702143465405282,0.21544178073626918,33600,11.633909594550033,0.0
112,1.7686710357666016,11.004007386711173,3.4381935976564972,14.705190106644668,6.249576330685532,0.0,0.16199617855025308,0.1,0.0028891563415527344,0.05287051200866699,0.049154058,1.0329777,14.50850937270006,0.0,0.14908279152566442,0.0,300,0.08416533470153809,0.3084460360555682,0.2018036121185186,33900,11.63223988499738,0.0
113,1.7917211055755615,18.01712363632475,5.1449691540481,26.420922846425473,13.27929102021512,0.0,0.1693425282511307,0.1,0.0028548240661621094,0.17563819885253906,0.050288785,1.9408838,14.859370799062528,0.0,0.24188094909805127,0.0,300,0.07073473930358887,0.24242897909121303,0.21136727075664902,34200,11.610812399447576,0.0
114,1.845186471939087,11.888400733121602,2.0582587632497535,15.183824920709705,9.839140099565535,0.0,0.16633048653057084,0.1,0.0027718544006347656,0.17710661888122559,0.050096847,1.1325412,14.562273792468437,0.0,0.16045971972406997,0.0,300,0.1002812385559082,0.09209435138722284,0.13054440562124736,34500,17.897063170520205,0.0
115,1.946239948272705,12.796931958268523,2.2416127943165676,15.462073484152201,9.831978467800578,0.0,0.17470336368201922,0.1,0.0028967857360839844,0.05947446823120117,0.049764737,0.73656553,14.385739609048446,0.0,0.17297037246887284,0.0,300,0.0420222282409668,0.10542361625522748,0.10135936360966326,34800,11.616201043128635,0.0
116,1.826014518737793,14.32168467207639,1.213652271392408,15.99495075052977,12.803762145707143,0.0,0.1732730804710423,0.1,0.002922534942626953,0.055155277252197266,0.04985285,0.77803737,14.379334115351242,0.0,0.19206134581378154,0.0,300,0.08922243118286133,0.06417404421978433,0.061618968220846726,35100,14.833364298920008,0.0
117,1.7268874645233154,15.876714546782825,2.811734584311829,20.50181914602626,12.902277185291833,0.0,0.17366123635672442,0.1,0.12999558448791504,0.05775904655456543,0.050088473,0.9936618,14.529072158494401,0.0,0.21183021816281677,0.0,300,0.20194506645202637,0.12518003615991896,0.09811505027782175,35400,14.861933069237741,0.0
118,1.7247564792633057,18.206420911702942,1.451077391115633,19.699886500161487,16.064009327684847,0.0,0.17575573587173982,0.1,0.003029346466064453,0.055747270584106445,0.051208857,0.7857473,14.896807033815255,0.0,0.24503482950478872,0.0,300,0.15836191177368164,0.09290356006213636,0.05724232107169765,35700,15.82086174983806,0.0
119,1.7343437671661377,18.54803328383086,4.1491085301767585,22.766720022064472,11.698935640134877,0.0,0.1731836545325859,0.1,0.0031287670135498047,0.05712294578552246,0.04985669,0.8000197,15.261929658816817,0.0,0.24918284774336363,0.0,300,0.0300900936126709,0.10881589986536734,0.10082909076245887,36000,15.770601631564894,0.0
120,1.7879424095153809,17.44940937067574,4.903423525639101,24.758830670395866,11.816963740001865,0.0,0.17338272943482858,0.1,0.003059864044189453,0.05677199363708496,0.04991013,0.8814086,15.480677630002708,0.0,0.23408711057611092,0.0,300,0.12079882621765137,0.13252274548525234,0.12599644480132796,36300,14.882140052735004,0.0
121,1.7451863288879395,14.302355269700591,1.2826869964497196,16.05949305723401,12.815730305636224,0.0,0.16920498001649645,0.1,0.003500699996948242,0.05929255485534668,0.049769927,1.644422,15.362845393972496,0.0,0.1925967211812513,0.0,300,0.0906820297241211,0.20246999307218397,0.042803313437763925,36600,11.695630466202713,0.0
122,1.753138542175293,12.987556659115036,2.8034955874739107,17.44168061926811,10.261954329820131,0.0,0.18069388599013445,0.1,0.0035376548767089844,0.055613040924072266,0.049944475,0.7754531,15.12531652048675,0.0,0.17533880016251918,0.0,300,0.17340803146362305,0.19329356666818204,0.1265496934870623,36900,11.668561493611776,0.0
123,1.7811670303344727,13.267995738739037,2.185207048111798,15.805847623222332,9.779715709921655,0.0,0.17895431101653173,0.1,0.003051280975341797,0.055985212326049805,0.050517727,0.6093776,14.939584442311979,0.0,0.17927205169472737,0.0,300,0.06220650672912598,0.08112557771885259,0.10235227782784406,37200,11.62170029534848,0.0
124,1.7589232921600342,18.62079866188274,4.731495955779517,23.194454933349657,11.624923657942315,0.0,0.16624417719303328,0.1,0.002940654754638672,0.055320024490356445,0.049339846,0.7495964,15.307705864269057,0.0,0.2498180608624545,0.0,300,0.12366390228271484,0.2742733146676806,0.18272960595609594,37500,11.625631880846749,0.0
125,1.7973761558532715,14.808720088611475,4.722214871234503,21.37585245023619,8.098875211685339,0.0,0.170935043569599,0.1,0.0030183792114257812,0.057454824447631836,0.04990774,1.0286672,15.257807286703299,0.0,0.19976022267616622,0.0,300,0.05920147895812988,0.15195419214125344,0.1537138959724972,37800,11.634866653408634,0.0
126,1.7863013744354248,15.954302071106364,4.218027368441042,22.94903064074252,11.646572700812348,0.0,0.17327736593204895,0.1,0.0030515193939208984,0.05592179298400879,0.05040794,0.77379817,15.327456765143605,0.0,0.21446932223944226,0.0,300,0.2391660213470459,0.14091898308156084,0.14552959173170704,38100,11.621324970892028,0.0
127,1.929992437362671,12.982684327407462,3.51691269210684,18.80323202802121,9.441911270983644,0.0,0.17081419403072692,0.1,0.003051280975341797,0.056186676025390625,0.050182093,0.6661465,15.092979521369992,0.0,0.17438048793415628,0.0,300,0.21592187881469727,0.27368212054260266,0.16564937485703402,38400,11.630011852126932,0.0
128,1.8662536144256592,13.829764791281912,5.645548285718616,19.32420398483642,5.583626011069173,0.0,0.16367250077946707,0.1,0.0032193660736083984,0.05803561210632324,0.0504242,0.60045767,14.966658048361184,0.0,0.1862705589795381,0.0,300,0.1837913990020752,0.20997593254478567,0.20946928113852176,38700,11.627593194821133,0.0
129,1.871032476425171,14.727059892892477,2.458870764269496,18.29331203171624,11.379453013634574,0.0,0.17123874510871462,0.1,0.0028982162475585938,0.05876564979553223,0.049878627,0.9630327,14.942698232814314,0.0,0.198547741583549,0.0,300,0.25232744216918945,0.08380273790060523,0.0873701153108269,39000,11.624503672592747,0.0
130,1.8736398220062256,17.308146261358164,2.058046521899549,19.84373608897869,14.73760646876966,0.0,0.1700527976136034,0.1,0.671588659286499,1.3335950374603271,0.050493438,0.87765217,15.179243035668698,0.0,0.23315964597598823,0.0,300,1.4189162254333496,0.13201031521804651,0.0743276474461584,39300,11.614747298359765,0.0
131,1.7762227058410645,14.591644569096962,0.972829124642663,15.505165013875901,12.954538381696356,0.0,0.17854011222456448,0.1,0.003299236297607422,0.05679750442504883,0.04991386,0.5893895,15.120483189011523,0.0,0.19628745226971248,0.0,300,0.1238405704498291,0.024954550242143873,0.04322392723299365,39600,11.627533986068107,0.0
132,1.86920166015625,19.16653286359181,4.502352091783113,25.09927429686978,12.75713576426545,0.0,0.17430983534534417,0.1,0.003078460693359375,0.05569338798522949,0.049760938,0.8199179,15.525088156469552,0.0,0.2573887695758412,0.0,300,0.12434816360473633,0.15845528130327788,0.12496653334685681,39900,18.172582223912514,0.0
133,1.7676055431365967,14.149208716383036,3.787656582359066,18.036264796747428,9.497619197449982,0.0,0.16295959611390545,0.1,0.003049135208129883,0.05585622787475586,0.050297387,0.65687287,15.3875002124609,0.0,0.19103138576471165,0.0,300,0.3504812717437744,0.200535585632025,0.180028770263653,40200,17.195682131614436,0.0
134,1.8271591663360596,16.002750969614606,2.45806981513737,18.872907800957286,12.743426454981593,0.0,0.1655952054083832,0.1,0.0030395984649658203,0.05693817138671875,0.050044782,1.1775107,15.449025288176271,0.0,0.215506870635639,0.0,300,0.08288764953613281,0.05468769014527395,0.040531869284825245,40500,11.66931047872672,0.0
135,1.8685996532440186,14.78954719719162,5.032703974599752,20.019663005365633,8.047187148518585,0.0,0.17017970985832476,0.1,0.0030591487884521484,0.06451964378356934,0.050181262,0.7270034,15.383077479077807,0.0,0.19945827523669132,0.0,300,0.07735919952392578,0.15904291295092382,0.16006596148984026,40800,18.115580237303995,0.0
136,1.8323473930358887,11.419009330169532,2.5684328331522033,15.503806477253649,8.849692029850091,0.0,0.15167017768915134,0.1,0.0031538009643554688,0.2563974857330322,0.050329484,0.7517393,14.986670664186981,0.0,0.15411636644750284,0.0,300,0.1233832836151123,0.21394220994517907,0.13442973548251688,41100,11.633302857625255,0.0
137,1.8048248291015625,13.76043645507303,2.0667054759076575,16.839237931680636,11.657712825648352,0.0,0.1760965239956549,0.1,0.003403902053833008,0.05623459815979004,0.049751446,0.7134008,14.864047243275587,0.0,0.184792974217369,0.0,300,0.18783950805664062,0.0713400920302071,0.08321343213822664,41400,11.646488178130022,0.0
138,1.8679516315460205,15.401233940864923,2.3032576461937273,19.103064007362207,12.89239487560795,0.0,0.17019901365344745,0.1,0.003133058547973633,0.05688118934631348,0.04954727,0.73146564,14.917765913034522,0.0,0.2068841967742869,0.0,300,0.12482047080993652,0.1126047402214478,0.07717058000051431,41700,11.655584456223275,0.0
139,1.9198474884033203,10.97215087246582,2.9311509596635394,15.453221999969871,8.117185447454695,0.0,0.15947184060339323,0.1,0.0030460357666015625,0.05790281295776367,0.050480258,0.55970377,14.523204408977652,0.0,0.1477901476319123,0.0,300,0.07458376884460449,0.3471586924418178,0.3266088974485184,42000,11.670477286552279,0.0
140,2.003403425216675,16.69347190780723,2.500221477228586,20.355921175044422,14.052082984628482,0.0,0.1661376408581269,0.1,0.002994537353515625,0.05861949920654297,0.050116695,0.7890634,14.74023115886061,0.0,0.22424361787592617,0.0,300,0.08806681632995605,0.12421626989622522,0.0983329082251615,42300,11.635264440874282,0.0
141,1.9733624458312988,14.38541293053671,1.8699159703641262,17.042862762159867,11.918973018655224,0.0,0.16741744293190186,0.1,0.0030107498168945312,0.05574154853820801,0.04989443,2.4916985,14.70474933602822,0.0,0.19339223343454814,0.0,300,0.08538508415222168,0.11813920306872569,0.10999682444006734,42600,11.642085379905923,0.0
142,1.8376259803771973,13.18660809522727,3.722685836950149,18.767945556268508,8.55960590753325,0.0,0.1679659484555213,0.1,0.00295257568359375,0.05513262748718262,0.050247226,0.84086746,14.552935211948126,0.0,0.17747349643697236,0.0,300,0.05748319625854492,0.2006722559788398,0.17796223668743483,42900,11.615107854632692,0.0
143,1.882904291152954,16.893339631103764,3.300537927367052,20.593841560758168,11.614241153932781,0.0,0.16055280788100024,0.1,0.0030388832092285156,0.05969738960266113,0.0498681,0.80707705,14.78697565386369,0.0,0.22685206142424544,0.0,300,0.18878912925720215,0.10984686747031346,0.10459425018539636,43200,11.646901221624674,0.0
144,1.867553472518921,12.15479198795337,1.7505839996399841,14.05202548028073,9.502680558181064,0.0,0.16993191301402155,0.1,0.0031113624572753906,0.05391812324523926,0.050363485,0.6267108,14.523757287272659,0.0,0.1644289387045797,0.0,300,0.28713202476501465,0.1515068475306305,0.12787754349547853,43500,11.632500148488857,0.0
145,2.0877134799957275,13.205965278849526,1.5383704660509496,14.692363096420584,10.724798553491528,0.0,0.17626420626931505,0.1,0.002965688705444336,0.05734872817993164,0.049633864,0.7709448,14.391978086430345,0.0,0.1767961084263313,0.0,300,0.1474289894104004,0.06186190468704942,0.0524384808600411,43800,11.632324685015538,0.0
146,1.990912675857544,12.02137093002973,2.841050125738181,15.87616577205809,7.921518239341592,0.0,0.15867948365403192,0.1,0.003028392791748047,0.19518303871154785,0.050050158,0.8236923,14.154917370790285,0.0,0.1621613124744796,0.0,300,0.1626431941986084,0.12520517418874183,0.1072655945361486,44100,11.644980981063545,0.0
147,1.9305620193481445,16.922993286840818,3.0588295573493998,20.40911634094361,12.454678205983848,0.0,0.18414320087429398,0.1,0.002775430679321289,0.05302143096923828,0.05008636,0.73059255,14.43172496239534,0.0,0.227128506969337,0.0,300,0.05971240997314453,0.17036817188890913,0.1368037132338696,44400,10.103709879906065,0.0
148,1.7999911308288574,16.41852199225566,3.377415591757758,22.128393850270292,13.361168489797537,0.0,0.17333760067344312,0.1,0.003439188003540039,0.05641484260559082,0.050526287,1.0703485,14.630404665381372,0.0,0.2212939834972144,0.0,300,0.12240934371948242,0.13286734394325742,0.07486514629138788,44700,14.139663120446356,0.0
149,1.8708219528198242,12.928278277550747,3.050439892691228,17.785467092528503,9.379974986888325,0.0,0.162598593722745,0.1,0.0031435489654541016,0.058212995529174805,0.050190907,0.95145375,14.460192026598309,0.0,0.17404758845194018,0.0,300,0.1246335506439209,0.21677361740760923,0.23823010005171422,45000,11.63184102621348,0.0
150,1.9648723602294922,15.09065752057596,4.0726158046918055,21.24912249779424,9.880308636920065,0.0,0.16425696927920375,0.1,0.003136157989501953,0.05935406684875488,0.04963578,0.86193585,14.523238575996075,0.0,0.20323092379588553,0.0,300,0.08444690704345703,0.12092468080487709,0.10937007242134268,45300,11.616290883160877,0.0
151,1.9823455810546875,16.759710128484507,4.498691902850976,23.109329155150277,11.795277340501793,0.0,0.18173544993153093,0.1,0.0032072067260742188,0.058660030364990234,0.050640926,0.8521463,14.74688573124492,0.0,0.22530616992265445,0.0,300,0.13991189002990723,0.13262097527030903,0.13050958299351414,45600,11.619632900383506,0.0
152,1.980755090713501,14.599483103040676,1.1052723708145864,15.842426292287273,12.826364511137191,0.0,0.17166982474064402,0.1,0.0031790733337402344,0.05929994583129883,0.04940079,1.031531,14.732145468424495,0.0,0.19700556331876862,0.0,300,0.1488635540008545,0.030550571742266854,0.030858299602975908,45900,11.613889430682137,0.0
153,2.000680923461914,16.169297054688798,5.6070183575934385,23.442386518791952,9.053275844503743,0.0,0.15991036834224057,0.1,0.0030367374420166016,0.05558443069458008,0.05103438,1.0915794,14.875860627050926,0.0,0.21779282131514266,0.0,300,1.4355530738830566,0.17714440069971002,0.1715304212705449,46200,11.613818414337368,0.0
154,1.9320323467254639,17.916113623143495,1.1686780417949274,18.951902183803863,16.070134606438096,0.0,0.16057662272567486,0.1,0.003271818161010742,0.05942249298095703,0.049180202,1.34462,15.179885926660184,0.0,0.24125928334360489,0.0,300,0.16302752494812012,0.03621150472450486,0.015854262781342894,46500,11.62485155073078,0.0
155,1.9255931377410889,14.781130966799596,2.0026768408191615,17.699139129563285,12.399509615109025,0.0,0.1807437494771787,0.1,0.00289154052734375,0.06763911247253418,0.049900595,0.5946905,15.140010430674124,0.0,0.19946593101713767,0.0,300,0.05739116668701172,0.07548291990238509,0.07001869526330551,46800,11.636781747696029,0.0
156,1.8821358680725098,15.120719775575655,3.239912641500774,20.42549330623271,11.658732730036167,0.0,0.17176931471329204,0.1,0.007201194763183594,0.05720400810241699,0.050284762,0.83312094,15.138081365164279,0.0,0.20344848567449975,0.0,300,1.4368031024932861,0.11551925491702049,0.08892894437212757,47100,11.661804058157918,0.0
157,1.956880807876587,13.640243097995862,2.3888930762576925,15.869391568698404,9.66576488073113,0.0,0.1694258074128717,0.1,0.002877473831176758,0.09760022163391113,0.050302234,0.7147887,14.988297538447437,0.0,0.1838238639973021,0.0,300,0.021732807159423828,0.08083007817421248,0.05162800767775331,47400,11.641932455224113,0.0
158,1.8935606479644775,12.39950605130825,1.622469884096565,14.574694312351657,10.257495029019662,0.0,0.16258110114210772,0.1,0.003039121627807617,0.053165435791015625,0.04934288,1.0531944,14.72941838973352,0.0,0.16712826432240713,0.0,300,0.2288665771484375,0.07889868594450071,0.054676053417014446,47700,11.642081806679476,0.0
159,1.9019320011138916,14.686121900841737,5.280495086570354,22.636084317778995,8.869061844056976,0.0,0.16972385274845586,0.1,0.0028715133666992188,0.05584239959716797,0.05016742,1.3741767,14.725088740844342,0.0,0.19733864610858814,0.0,300,0.0520174503326416,0.21963692836850654,0.22126317539243376,48000,11.745364949559823,0.0
160,1.9961113929748535,14.595468050215105,3.808730469752753,19.811893900360012,9.170754560991243,0.0,0.1812859089581625,0.1,0.006125450134277344,0.0567936897277832,0.049633395,0.6536222,14.712126671781418,0.0,0.19695479989333423,0.0,300,1.1941099166870117,0.14489885798751345,0.1290464192437421,48300,11.697079435977967,0.0
161,1.947145700454712,19.08974137420875,3.235550502865663,21.9749489796921,13.625788964488336,0.0,0.17815784983490393,0.1,0.0029990673065185547,0.05543208122253418,0.04970793,0.7351697,15.149888142024151,0.0,0.2569066813608248,0.0,300,0.18539142608642578,0.17843185832695083,0.09082955299933043,48600,11.678413875832108,0.0
162,1.9419474601745605,10.982749923717876,1.4957753839433416,13.137056454360414,9.391897059396188,0.0,0.17123800288458205,0.1,0.003009319305419922,0.054549217224121094,0.0497133,0.53630036,14.733174320193525,0.0,0.14782722950349342,0.0,300,0.18111014366149902,0.5424335201299484,0.45675159192478026,48900,11.659377461030134,0.0
163,2.042742967605591,12.326793495804225,3.3877998324713317,17.68389995651187,9.329559726774185,0.0,0.17239534240501023,0.1,0.5799679756164551,1.0767323970794678,0.049423553,0.6501169,14.492536237754596,0.0,0.16581797500743622,0.0,300,1.3536314964294434,0.2618171113362925,0.1421178346640687,49200,11.725840402600738,0.0
164,2.042623996734619,15.62135939520519,4.58245655152565,23.420397697341414,11.635591598600035,0.0,0.17851913826327967,0.1,0.0028460025787353516,0.055368900299072266,0.049880516,1.1246243,14.605418553499657,0.0,0.21012057029264225,0.0,300,0.17056059837341309,0.16563759060070934,0.18934918446632618,49500,11.713328219622612,0.0
165,1.8805315494537354,15.73249457089149,2.8147210244152614,19.127636302718646,11.7575623644534,0.0,0.1638679149828323,0.1,0.003649473190307617,0.058312416076660156,0.049845073,0.8954303,14.71812615523884,0.0,0.21164858172708975,0.0,300,0.14548397064208984,0.14435640945258496,0.09941521970147486,49800,11.747049391244433,0.0
166,1.9403259754180908,19.17417429371335,4.342373638061905,25.365957958870354,13.100592584000706,0.0,0.17325316438272284,0.1,0.0032434463500976562,0.06016659736633301,0.04984341,0.6935541,15.163730969086291,0.0,0.25655592286834134,0.0,300,0.12264442443847656,0.1894579507136421,0.10107559041755063,50100,11.97458800935785,0.0
167,1.9682307243347168,13.183661105870806,3.7867024707528434,19.696420301941156,10.483532377881092,0.0,0.16155388999489836,0.1,0.0030908584594726562,0.05593085289001465,0.05002536,1.6378489,14.965723982764743,0.0,0.17690395003468468,0.0,300,0.07013821601867676,0.31354029860964405,0.3264834908586056,50400,11.746057298967346,0.0
168,1.8983795642852783,19.781385527940614,0.848521275343314,20.737518327560817,18.715617669015096,0.0,0.16488272841137366,0.1,0.0030090808868408203,0.05673789978027344,0.04956951,0.87862283,15.44729013728233,0.0,0.26612625312272,0.0,300,0.024248361587524414,0.055699225783979664,0.0559251563108526,50700,11.83313497605939,0.0
169,1.961287260055542,15.36324739569296,2.8228232673838356,18.301180205466267,11.63466429388512,0.0,0.171404724649243,0.1,0.0029087066650390625,0.05684304237365723,0.050360862,0.91915184,15.438885863123392,0.0,0.20672417183100722,0.0,300,0.0367281436920166,0.10390534332545359,0.0867353007335425,51000,11.711680186597095,0.0
170,1.9089457988739014,13.75107484740018,4.957872977105648,18.74034026802477,6.373634900526012,0.0,0.1712696218026046,0.1,0.003076791763305664,0.061188459396362305,0.04997647,0.49017572,15.270104761551073,0.0,0.1844534796681018,0.0,300,0.07100534439086914,0.20876608775681013,0.18513529843774573,51300,11.658434108091853,0.0
171,1.9872751235961914,15.554248346056562,3.8648901191083307,21.805071488804742,11.742619495220723,0.0,0.16460714500570348,0.1,0.003221273422241211,0.05604243278503418,0.049830955,1.0477757,15.298519120001622,0.0,0.20927226711007907,0.0,300,0.02966165542602539,0.11153064767139262,0.11734118632571497,51600,11.653626776020486,0.0
172,1.9166405200958252,12.541492103898891,1.6866602543083498,14.70702729902325,10.874969636754367,0.0,0.15720893789086254,0.1,0.0034329891204833984,0.07373523712158203,0.049943127,0.6920308,15.022816418391349,0.0,0.16914620580027354,0.0,300,0.21206331253051758,0.07912129793534865,0.05555835323458138,51900,11.657518853088305,0.0
173,1.9342982769012451,12.341444846154559,2.5210648420539017,15.84027593067084,8.85632982944646,0.0,0.16343394874075248,0.1,0.0029709339141845703,0.05924677848815918,0.049940594,0.7949245,14.75467926116767,0.0,0.16643598242410224,0.0,300,0.19075989723205566,0.11727473373637672,0.09499551463746221,52200,11.674950802334537,0.0
174,1.9296276569366455,14.796276885706373,2.6616614881450533,19.340744321648867,12.857509565957216,0.0,0.17495661991198527,0.1,0.003027677536010742,0.0565187931060791,0.04984328,1.1717443,14.75883902362154,0.0,0.19960691839500083,0.0,300,0.07324099540710449,0.09902856693812544,0.09800032738153057,52500,11.702033590357663,0.0
175,2.032259464263916,16.010840800217554,0.8016068628865217,16.86677818582879,14.816223352760977,0.0,0.15808644652621404,0.1,0.0033347606658935547,0.05604076385498047,0.050502814,1.0518539,14.88403920128114,0.0,0.21585952652556747,0.0,300,0.07894086837768555,0.07379096422886282,0.037080184705174976,52800,11.76835455119563,0.0
176,1.9365482330322266,19.563988077983215,4.270633159538324,24.861638460907965,12.93397657246461,0.0,0.16987833155009144,0.1,0.0029408931732177734,0.05600786209106445,0.050035626,0.72186255,15.35203408895135,0.0,0.26260662500662935,0.0,300,0.15963268280029297,0.1837092003312191,0.105749216096459,53100,11.746273320606667,0.0
177,2.094809055328369,14.744104057997973,3.333892881008334,18.283045705252473,11.185585385984922,0.0,0.16292462545236536,0.1,0.003016948699951172,0.05534100532531738,0.049895562,0.688664,15.291241085856013,0.0,0.19800827293172427,0.0,300,0.09831523895263672,0.12239937661789355,0.16561860638193893,53400,11.656565883819821,0.0
178,1.9678618907928467,17.793741092053864,2.3701746589707406,21.464221117908142,14.931980043097534,0.0,0.16026621469563718,0.1,0.0073642730712890625,0.055236101150512695,0.050400283,0.8002313,15.5414910864758,0.0,0.23962098798509596,0.0,300,0.017322063446044922,0.07086745773254333,0.05576628122695794,53700,11.68091098922487,0.0
179,1.999403953552246,14.605459070315826,3.938259564581999,19.062155011338618,10.147755015032027,0.0,0.17394896361222156,0.1,0.0028409957885742188,0.055328369140625,0.050154828,0.7158261,15.447887884859801,0.0,0.19679696493477272,0.0,300,0.15762758255004883,0.15429508473058234,0.11827208998177335,54000,11.699857750229251,0.0
180,2.057342052459717,13.092757634779051,4.045476049103801,19.49802266586023,8.373921280564632,0.0,0.1683040498139338,0.1,0.0028960704803466797,0.05595088005065918,0.049752723,0.73645335,15.212374859851728,0.0,0.17627541472660258,0.0,300,0.02460479736328125,0.21524894114780038,0.17832469228123368,54300,11.29611404248329,0.0
181,2.126275062561035,15.599971996723305,2.776696028700008,19.915702520540155,12.569249946737292,0.0,0.17033385898520353,0.1,0.0030374526977539062,0.055875539779663086,0.04983326,1.0229514,15.251134573538886,0.0,0.2103627837015126,0.0,300,0.25221776962280273,0.10744768110772827,0.11391681404135913,54600,11.347822558313498,0.0
182,1.9741926193237305,15.946167041813641,3.2559132102431536,17.886337719325656,10.307131715966316,0.0,0.1658255400230281,0.1,0.008567094802856445,0.059122562408447266,0.050065264,0.70168495,15.320637820366361,0.0,0.21459234750515707,0.0,300,0.5050861835479736,0.12445353723105339,0.08492731535785364,54900,11.406461313540332,0.0
183,1.9652340412139893,15.098423411766227,3.4235749237812754,20.777017622007964,11.605694475135559,0.0,0.16723531334270422,0.1,0.0033445358276367188,0.05718183517456055,0.049391314,0.9027487,15.29841637950635,0.0,0.20317155581119636,0.0,300,0.15261340141296387,0.08275671655847772,0.0870939210117457,55200,11.771944784858603,0.0
184,2.007525682449341,16.334042284705646,2.264680854598404,20.19351757467353,14.610000318253274,0.0,0.17287703188780115,0.1,0.003130674362182617,0.05773806571960449,0.04967163,1.1200817,15.401978970026281,0.0,0.22006961135801792,0.0,300,0.0841526985168457,0.05006821435368615,0.049839853017609397,55500,19.935427461658744,0.0
185,2.0068347454071045,15.267450352260724,2.1233414980883247,16.960245530562123,11.633001039346356,0.0,0.16710894007547678,0.1,0.002901315689086914,0.052559614181518555,0.05011537,0.55272454,15.388526108249726,0.0,0.20540782682071854,0.0,300,0.17888092994689941,0.05135980851194381,0.0469589650134999,55800,11.757698549544093,0.0
186,1.8957087993621826,17.03252129421414,3.692060498142524,21.91474320660408,11.601379504049012,0.0,0.16941801596621786,0.1,0.002915620803833008,0.05749964714050293,0.050176807,1.1654681,15.552925626846168,0.0,0.2288763176946558,0.0,300,0.09843111038208008,0.08865423923261588,0.08812174732151122,56100,11.930828524994078,0.0
187,2.0581867694854736,15.487633647297521,4.181597169880006,18.092230117189985,8.247771412945308,0.0,0.16334318346106985,0.1,0.002989053726196289,0.06128811836242676,0.04966661,0.6110956,15.546396428891303,0.0,0.20867742656548205,0.0,300,1.001596212387085,0.12981939811762172,0.1270712831298518,56400,11.874898899336548,0.0
188,2.179156541824341,15.984573096774536,3.482896455817634,19.63062461635469,11.045917843203807,0.0,0.16076983706070433,0.1,0.003153562545776367,0.06525468826293945,0.0491655,0.80156565,15.590214095679626,0.0,0.21473667010587993,0.0,300,0.06465435028076172,0.10820965264899463,0.10743080791235801,56700,11.823504223644184,0.0
189,2.202631711959839,15.210347091691496,1.2654438558774193,16.661890658324758,13.178171786134946,0.0,0.1567404122161318,0.1,0.003448963165283203,0.05864906311035156,0.049405266,1.0009443,15.552227395280813,0.0,0.20515563116783186,0.0,300,1.2736449241638184,0.02482916469971079,0.02349522894865364,57000,12.101346938269502,0.0
190,2.2533936500549316,16.661800415633028,2.77084111445885,20.962743806601342,13.845539049403461,0.0,0.1766764369092878,0.1,0.0030689239501953125,0.05714583396911621,0.049946018,1.1804979,15.663184697316035,0.0,0.22453683574782865,0.0,300,0.03717660903930664,0.05432366875203764,0.053223059012825584,57300,9.521700707322891,0.0
191,2.0432887077331543,15.959741141441132,3.7216528100759625,21.61281280245981,11.971885718745469,0.0,0.15885043365248064,0.1,0.0030775070190429688,0.05423736572265625,0.049909238,1.6420233,15.692840341728544,0.0,0.21454841071127811,0.0,300,0.1254899501800537,0.08727033407255869,0.08628350814179282,57600,9.730147480202033,0.0
192,2.065199375152588,15.533395059713024,3.2958286787732285,19.23722195986402,10.335708390611243,0.0,0.17899578776456462,0.1,0.002826213836669922,0.053418636322021484,0.050461773,0.85360616,15.676895813526993,0.0,0.2091600904487191,0.0,300,0.11323428153991699,0.1138705744986736,0.1099616158032378,57900,9.712946006440065,0.0
193,2.1743409633636475,15.174962060191753,3.5194835350049427,19.590461502332897,11.631657150821823,0.0,0.17419187858919427,0.1,0.0029702186584472656,0.057004451751708984,0.049750235,0.8392705,15.626702438193469,0.0,0.20418623550964174,0.0,300,0.031618595123291016,0.1042374149050241,0.10409273304984301,58200,8.21537065226799,0.0
194,2.3085811138153076,16.532164223636133,1.6373008445739998,18.848396840108222,14.463646597558467,0.0,0.17141542925042846,0.1,0.0032050609588623047,0.056671857833862305,0.050886787,0.7811498,15.717248616737736,0.0,0.22240011334209167,0.0,300,0.5545623302459717,0.03644765559135786,0.03159198779963411,58500,8.986059135332155,0.0
195,2.2051541805267334,15.119817595622049,3.1669963797505143,19.852238471326913,11.64444840496867,0.0,0.16438752003397963,0.1,0.006141185760498047,0.05197715759277344,0.050122444,0.7607492,15.657505514626168,0.0,0.203472795353747,0.0,300,0.1701512336730957,0.07443600805946889,0.07282389359790403,58800,9.983150118272123,0.0
196,1.9749250411987305,13.799425115769107,4.635271057444445,21.76120841115137,10.171582614189402,0.0,0.15487653873981688,0.1,0.044548988342285156,0.053931474685668945,0.04962166,0.8254661,15.471697474740461,0.0,0.18501831228712712,0.0,300,0.12748217582702637,0.22130128751536923,0.19410990311364398,59100,10.758004432777229,0.0
197,2.0681803226470947,18.10604828737096,4.0141405897413325,24.480287349249824,13.757264766385802,0.0,0.17882924226705088,0.1,0.0030243396759033203,0.0540006160736084,0.05040757,1.3862386,15.735132556003512,0.0,0.24356673863130276,0.0,300,0.16998767852783203,0.15260100962323736,0.13291586859206042,59400,7.7071286255313085,0.0
198,1.9665958881378174,15.825425865859891,3.691313751486569,18.937434353864603,9.544312846569897,0.0,0.1691473579666311,0.1,0.0032651424407958984,0.05666971206665039,0.049815986,0.62001634,15.744161886989149,0.0,0.21339077563147132,0.0,300,0.15355253219604492,0.08627964594097108,0.08693118074213059,59700,7.6493170230419905,0.0
199,2.0682618618011475,15.668256814168807,2.8299399912654115,18.899815059828814,12.018525156275524,0.0,0.16469326078196497,0.1,0.0030574798583984375,0.06154060363769531,0.050159488,0.8098688,15.736571379707115,0.0,0.21129474999973913,0.0,300,0.23784565925598145,0.08800867115439988,0.08231938337683968,60000,7.605690708198946,0.0
200,2.063408851623535,15.625439287895063,3.042176414550456,20.397039153607437,12.619775257391925,0.0,0.1827501377316938,0.1,0.0030744075775146484,0.0566866397857666,0.050313488,0.6634533,15.725458170525911,0.0,0.21071351606027228,0.0,300,0.10107779502868652,0.09430935706990835,0.08790206794451261,60300,7.540012451315941,0.0
201,1.9972734451293945,17.595803271017697,1.9709780017601233,20.91887808086766,15.924984681380034,0.0,0.16744295120465394,0.1,0.002907991409301758,0.056321144104003906,0.049704928,1.4408264,15.91249268057509,0.0,0.23687089014599572,0.0,300,0.07258367538452148,0.03861280859368662,0.03202861038938956,60600,8.218252058468481,0.0
202,2.0532708168029785,15.556510596971657,2.6029489774021903,18.933229152002937,11.614987463243779,0.0,0.16839840789736824,0.1,0.003056049346923828,0.05269598960876465,0.04969813,0.747865,15.876894472214747,0.0,0.2092989800707791,0.0,300,0.08298373222351074,0.06447095672361247,0.06086615782684695,60900,8.974226324862611,0.0
203,1.9804344177246094,16.433208278940064,3.9754524850301034,22.422150843590018,11.43437918110938,0.0,0.1613044426783871,0.1,0.002895355224609375,0.0563504695892334,0.049732953,0.94621897,15.932525852887279,0.0,0.22120122697769376,0.0,300,0.08468890190124512,0.10456221376937398,0.10579756469874872,61200,8.142087938839072,0.0
204,2.1080238819122314,16.919136595858884,4.151619262963271,23.30186439408776,11.708648503908574,0.0,0.17165452001571785,0.1,0.0031287670135498047,0.06021761894226074,0.05013974,0.8758836,16.03118692718444,0.0,0.22746904695032422,0.0,300,0.20728087425231934,0.09411501874771842,0.08966351553010798,61500,9.14920549101279,0.0
205,2.087329149246216,18.041468593939133,4.116290657788366,22.555260634754696,13.286242949764338,0.0,0.16010903714035213,0.1,0.002907276153564453,0.059767961502075195,0.050122835,1.0511653,16.23221509385991,0.0,0.24282896535391627,0.0,300,0.015737056732177734,0.1078636257700813,0.08283696095957135,61800,8.308344009473211,0.0
206,2.0380513668060303,16.353340731665497,2.298262933119098,18.50327741190094,12.50377736114632,0.0,0.15096384314198277,0.1,0.0029358863830566406,0.053563594818115234,0.049097333,0.6320237,16.24432765764047,0.0,0.2204248007537542,0.0,300,0.016196250915527344,0.09219395992250856,0.08578920935274899,62100,9.046716351287943,0.0
207,2.0674216747283936,16.622517748253102,3.5778266648166692,20.548289886057955,11.646361327878408,0.0,0.1637061980154929,0.1,0.003374814987182617,0.16435885429382324,0.050660837,0.75663126,16.28214666670173,0.0,0.22351358790394218,0.0,300,0.2274928092956543,0.08601819562915923,0.07698609471347222,62400,9.037945923218393,0.0
208,2.079117774963379,18.671553964756825,2.4169068824390982,22.622004620863386,16.04972082686921,0.0,0.16574940958896833,0.1,0.002893686294555664,0.0548708438873291,0.049550198,1.1969268,16.52108739650724,0.0,0.2513258371259854,0.0,300,0.17201519012451172,0.050069747672939986,0.04509371197900717,62700,10.89205798144971,0.0
209,2.109219789505005,16.800125916492416,1.3584418115721972,18.787857369298322,14.95215560252847,0.0,0.15825136505912146,0.1,0.0028514862060546875,0.059935569763183594,0.050165,6.394925,16.54899124850576,0.0,0.22637880151465795,0.0,300,0.11968207359313965,0.018734484937641193,0.021123616761512386,63000,17.22926750252171,0.0
210,2.069371223449707,17.311210510958837,4.590931017201643,24.431916350309876,11.635810606938948,0.0,0.16898797644810942,0.1,0.0028238296508789062,0.05510759353637695,0.04963788,0.9073884,16.625213174751067,0.0,0.23151851541965573,0.0,300,0.09193110466003418,0.11948410733910128,0.11837412868363029,63300,16.197495946948482,0.0
211,2.13568377494812,16.748132191476074,1.481237660514964,18.470808342687995,15.018968697738392,0.0,0.17439834968146245,0.1,0.002838611602783203,0.05544757843017578,0.049786486,0.7777027,16.63750507642357,0.0,0.22568981065780214,0.0,300,0.04439353942871094,0.02569730395819366,0.02295876227131385,63600,17.338809374408577,0.0
212,2.086909294128418,15.605711887885935,2.813984230660685,19.67936768310032,11.805349720145625,0.0,0.15972593527394224,0.1,0.003574848175048828,0.16697430610656738,0.049850374,0.84078544,16.534325757569807,0.0,0.21046089652443345,0.0,300,0.1554117202758789,0.0955166177719656,0.08340231762875819,63900,17.842651211068052,0.0
213,2.004774332046509,14.0704500643386,3.5837457868565092,20.225944726676524,11.608487187977834,0.0,0.16812165989961692,0.1,0.003156900405883789,0.05679130554199219,0.050966963,0.75655895,16.287938188246688,0.0,0.1889877174215759,0.0,300,0.0839235782623291,0.1703919547113415,0.1406543184669121,64200,14.84976092370246,0.0
214,2.001432180404663,15.69462496552541,1.6177544384830977,18.441466466497477,14.293731996505445,0.0,0.16987621599412775,0.1,0.0030372142791748047,0.05672407150268555,0.0497486,1.0332118,16.228606865974562,0.0,0.21158299650398568,0.0,300,0.08022594451904297,0.05364601425736178,0.05823612290271284,64500,16.553895285962657,0.0
215,1.9974875450134277,14.797737311017183,4.631871018577188,22.81675526575801,11.898451331291273,0.0,0.17445317240948943,0.1,0.0031850337982177734,0.06120800971984863,0.05003893,0.89265686,16.085519910478826,0.0,0.1991831034746005,0.0,300,0.10069656372070312,0.1419242288379422,0.13954205935544167,64800,14.64801861537949,0.0
216,2.091648817062378,13.245796482523833,2.474036837215603,17.51419396916584,11.640335885086632,0.0,0.16811257436964408,0.1,0.003934144973754883,0.05727577209472656,0.049886595,0.5439222,15.801547567683327,0.0,0.1779909787434273,0.0,300,0.04257845878601074,0.11512025057862167,0.10240461930467759,65100,16.677261035215388,0.0
217,2.033690929412842,16.40186841826616,4.652748571453512,19.350721303382485,8.350086634778881,0.0,0.16880093102433957,0.1,0.008093595504760742,0.05651378631591797,0.05000254,0.61292285,15.86157965274161,0.0,0.22093537553071796,0.0,300,1.490718126296997,0.12748021808247295,0.12134020440011384,65400,15.623811475893879,0.0
218,2.039933681488037,15.278644891413851,3.2265434315434356,20.403720726434415,11.635819279556175,0.0,0.16439028971206912,0.1,0.0030574798583984375,0.05651497840881348,0.049967386,1.1602397,15.803286176608836,0.0,0.2055737230189839,0.0,300,0.062211036682128906,0.0875460730280366,0.0859465869399976,65700,16.299238263954805,0.0
219,2.104732036590576,20.481760967975976,2.8046943017982704,25.120282218726857,17.601944753334447,0.0,0.17139047497222962,0.1,0.0030395984649658203,0.05644035339355469,0.049726572,1.3380268,16.27113365574555,0.0,0.27488756923666957,0.0,300,0.17298269271850586,0.15766506552739942,0.09405462880107357,66000,16.612632815395866,0.0
220,2.055569887161255,14.958349707195794,3.228957326535959,19.82490524248356,11.788254224277933,0.0,0.1721771521157267,0.1,0.003007173538208008,0.05647420883178711,0.049697965,0.5648941,16.139855260890574,0.0,0.2018223500637627,0.0,300,0.21140289306640625,0.13994746867293306,0.15717793013039594,66300,15.105264585028062,0.0
221,2.0530221462249756,20.498410048390102,2.5019046064167445,22.730118846193307,16.267622016475396,0.0,0.17734682245673714,0.1,0.0030019283294677734,0.056375980377197266,0.050253455,0.8747921,16.575710739640527,0.0,0.2756796405410513,0.0,300,0.03054356575012207,0.06718291214095509,0.0656617774715255,66600,13.108959186250615,0.0
222,2.1285011768341064,20.451262917799472,1.233784774757998,22.515195127425812,19.463367215145286,0.0,0.16671992465024293,0.1,0.003029346466064453,0.05644106864929199,0.05021426,1.0115062,16.96326595745642,0.0,0.27506790613277243,0.0,300,0.6552221775054932,0.0484595547400282,0.033493027679574995,66900,10.675453602526416,0.0
223,2.1846258640289307,17.189910812943882,1.8688228630486503,19.04219531588173,14.625419022073988,0.0,0.16897480988121222,0.1,0.0072345733642578125,0.05791974067687988,0.05020509,0.7480037,16.985930443005167,0.0,0.23158110915641858,0.0,300,0.5650532245635986,0.10009925958549917,0.049199213438189324,67200,13.479084919186796,0.0
224,2.240015983581543,15.36852917002658,2.206895778051022,17.772035986826854,12.505182838933415,0.0,0.17553766703648277,0.1,0.0030465126037597656,0.060901641845703125,0.049916208,0.5431305,16.82419031570731,0.0,0.20728841638559614,0.0,300,0.22072076797485352,0.14358625085149776,0.05775548231038134,67500,7.954068084182791,0.0
225,2.1885910034179688,19.37164776320733,1.0475059876061683,20.649196449891445,18.0595158719547,0.0,0.1621043639601319,0.1,0.002893209457397461,0.06048417091369629,0.049054164,1.0769635,17.07893606045731,0.0,0.26064272578054626,0.0,300,0.08219456672668457,0.07010049154625467,0.07202741093938224,67800,8.701077132301778,0.0
226,2.112405300140381,18.83095540090084,2.0052467027732552,21.465741570500448,16.17547973679102,0.0,0.17208532285503703,0.1,0.002888917922973633,0.053050994873046875,0.050164375,0.7359857,17.25413799450166,0.0,0.25343033480908006,0.0,300,0.1978151798248291,0.07104877333218013,0.020611916682838512,68100,16.541342686703704,0.0
227,2.118959665298462,11.563248241275502,2.17859512596947,13.319981079034688,7.856160351320644,0.0,0.15992582797554677,0.1,0.002881288528442383,0.05364084243774414,0.050171465,0.7926587,16.685049019179047,0.0,0.15645977920467777,0.0,300,0.08511185646057129,0.6203481771575523,0.38266905693693765,68400,18.51282050003808,0.0
228,2.0620079040527344,17.453623308598345,0.7918470226081237,18.584236725909552,16.386602995497462,0.0,0.16935033244646944,0.1,0.0037238597869873047,0.06102323532104492,0.050182436,0.8272659,16.76190644812098,0.0,0.23429469260339797,0.0,300,0.1489253044128418,0.021877228927081008,0.05331999915581064,68700,13.37121869439744,0.0
229,2.152407169342041,13.59272021936211,4.951272572051514,20.032579313493276,7.495524035140159,0.0,0.1706261536893264,0.1,0.0031747817993164062,0.06274127960205078,0.049693633,0.732904,16.444987825245093,0.0,0.18300629863304188,0.0,300,0.020548582077026367,0.19068716654743828,0.18404609943507175,69000,15.103422970962475,0.0
230,2.249464273452759,18.336407558884762,2.748253926658074,22.69467115173385,15.811604332419288,0.0,0.160352376497606,0.1,0.0030393600463867188,0.06403326988220215,0.048900623,1.0078899,16.63412979860906,0.0,0.2468533337679119,0.0,300,0.09980225563049316,0.1509520972341181,0.10783893716966948,69300,16.048873789166667,0.0
231,2.254868745803833,20.559251641092487,2.572595353987622,22.80948848783529,16.373887983170725,0.0,0.17177381582915144,0.1,0.005585193634033203,0.06466317176818848,0.049630135,0.9092747,17.026641982857402,0.0,0.27642684942504425,0.0,300,0.03818559646606445,0.13934126174923234,0.042335405570390276,69600,15.24278112175565,0.0
232,2.2662556171417236,18.07010736816813,3.4510976841686523,22.745960029736402,13.001594366055091,0.0,0.1820514137756703,0.1,0.0031473636627197266,0.06390595436096191,0.04975799,0.7520849,17.130988521388474,0.0,0.24328786811924336,0.0,300,0.055587053298950195,0.07762491971809513,0.11309784727594842,69900,15.173072855417248,0.0
233,2.240718126296997,17.734301710375803,3.460904492450591,21.711599969654138,12.709357586248249,0.0,0.16733664210328797,0.1,0.0031316280364990234,0.0633540153503418,0.05037547,0.6649664,17.191319840287207,0.0,0.23881555959886389,0.0,300,0.02962040901184082,0.14333682064007985,0.08661456723409633,70200,15.000681377526243,0.0
234,2.151167154312134,20.868703542786157,2.3978041917275044,23.772285425938854,17.791241020826437,0.0,0.17577574424511952,0.1,0.0034873485565185547,0.06119394302368164,0.04982733,0.9151096,17.559058210537103,0.0,0.28028437066218226,0.0,300,0.11957406997680664,0.07383731327886259,0.0825763349240146,70500,15.961910699710335,0.0
235,2.1910576820373535,17.631459842807057,3.034536008638102,22.121198405370006,13.648490664806424,0.0,0.1724180985632682,0.1,0.0029282569885253906,0.05432271957397461,0.05021909,0.6415834,17.5662983737641,0.0,0.23746337903183434,0.0,300,0.04693722724914551,0.06103146586423938,0.060885492118606145,70800,18.928931200688616,0.0
236,2.0141162872314453,15.094766568687781,3.6254629803916463,19.105540368206068,10.020303866595121,0.0,0.1716194455501666,0.1,0.002877473831176758,0.08628439903259277,0.049797982,0.6721728,17.319145193256468,0.0,0.20364051408281156,0.0,300,0.07039523124694824,0.1704538464141337,0.11887342604813443,71100,17.843058646601488,0.0
237,2.1902971267700195,17.076302098026325,5.823862478810277,25.547215645667077,11.064915753305007,0.0,0.16153843081861077,0.1,0.0028052330017089844,0.05592679977416992,0.050003953,0.8889863,17.294860883733453,0.0,0.22977028307134356,0.0,300,0.07222485542297363,0.16341217749612877,0.16910166767037377,71400,13.725439693976616,0.0
238,2.211365222930908,16.31944837597212,3.363584183145274,20.08887299050606,11.612662042731289,0.0,0.16209024383773468,0.1,0.0029859542846679688,0.0553433895111084,0.049610283,0.8012943,17.197319632957317,0.0,0.21942701538958484,0.0,300,0.11533188819885254,0.0852518701963162,0.08240532181871332,71700,22.584011841087037,0.0
239,2.141669988632202,18.137650471481024,2.516605209481434,21.509989294236853,15.121758135912078,0.0,0.16537163407130176,0.1,0.0030989646911621094,0.05507540702819824,0.04996984,0.8699076,17.29135271680969,0.0,0.24421794063236935,0.0,300,0.0876009464263916,0.08403024560367238,0.06755238452600842,72000,15.269457572783665,0.0
240,2.236262083053589,17.930852917474887,2.529914529777949,21.47831772730836,14.390303553962896,0.0,0.16230127191281807,0.1,0.0031938552856445312,0.056414127349853516,0.05015308,1.3079258,17.35530273687621,0.0,0.24145023759950635,0.0,300,0.14172077178955078,0.03518700462131786,0.02744058999374448,72300,15.961869791734161,0.0
241,2.2852447032928467,16.314831773941698,2.8463034276270385,20.790745298646215,13.017992486621754,0.0,0.15306323195884633,0.1,0.003092527389526367,0.05740022659301758,0.049602184,0.91708535,17.251255640582762,0.0,0.2199079767305187,0.0,300,0.06307339668273926,0.06742911163454392,0.05476580207836741,72600,23.36487193718042,0.0
242,2.295468807220459,17.727399341762762,2.7098132632708416,20.168660027342995,13.452088409475422,0.0,0.17324548996536027,0.1,0.0036280155181884766,0.056121826171875,0.050356444,0.6796352,17.298870010700764,0.0,0.2386163120942737,0.0,300,0.2522158622741699,0.04055712901954399,0.03918543365665912,72900,22.775279204775416,0.0
243,2.30899977684021,20.655843352725345,4.675034694920952,27.232442058681286,14.376107329697206,0.0,0.16708435703577795,0.1,0.0029625892639160156,0.05678391456604004,0.049980666,0.8148251,17.634567344903225,0.0,0.27713284964920143,0.0,300,0.032610416412353516,0.13081383020598106,0.0963972923393032,73200,19.057499772147878,0.0
244,2.2713844776153564,18.81777645683951,3.791896077512753,23.416653974324284,12.879391933504285,0.0,0.17087611233157485,0.1,0.003017425537109375,0.05491065979003906,0.04981045,0.8032186,17.752888256096853,0.0,0.2532889680672362,0.0,300,0.20085453987121582,0.05662634489785138,0.06677463707674966,73500,19.096116943815364,0.0
245,2.1178624629974365,15.988842492481384,4.4569227208098505,23.380587785429384,11.607959521950331,0.0,0.1640138523520251,0.1,0.0028228759765625,0.05575871467590332,0.05055664,0.75401634,17.576483679735304,0.0,0.2150206409169917,0.0,300,0.0862114429473877,0.23122869727549375,0.1480536113478716,73800,15.96126700931132,0.0
246,2.1652817726135254,15.339052338292722,3.2807638724306507,18.89878233907852,11.543026216405801,0.0,0.17254892101377245,0.1,0.0028145313262939453,0.052260637283325195,0.0502623,0.8178193,17.352740545591047,0.0,0.2068703357830266,0.0,300,0.07424783706665039,0.11805127329115316,0.0760667153058489,74100,14.083760624407951,0.0
247,2.0724542140960693,16.497878325463752,2.404448314714969,19.663831444030933,13.42564864267398,0.0,0.16405846132793006,0.1,0.0039365291595458984,0.05782032012939453,0.05012639,0.8575946,17.267254323578317,0.0,0.22235497298014217,0.0,300,0.17402315139770508,0.04793467887771571,0.06391061788737176,74400,22.72178787646867,0.0
248,2.1064209938049316,17.438114085392534,2.0385485464893947,20.904792683080807,15.827741217488471,0.0,0.16551696990128908,0.1,0.003172636032104492,0.0564267635345459,0.050683033,0.8933877,17.28434029975974,0.0,0.23433780600213577,0.0,300,0.03550863265991211,0.07691468034124692,0.05055561238965094,74700,20.02272817698039,0.0
249,2.067409038543701,14.58357317109978,2.9039662975307916,19.34589085658865,11.654701633463691,0.0,0.16357638595149226,0.1,0.003076791763305664,0.06024932861328125,0.049463954,1.1978748,17.014263586893744,0.0,0.1968138801578183,0.0,300,0.07251334190368652,0.08786126764072817,0.09452932267473417,75000,14.895306486984682,0.0
250,2.0629568099975586,16.722427011666394,2.5248421799863,19.65509546894815,12.764940770460656,0.0,0.15895378917363123,0.1,0.0031545162200927734,0.060400962829589844,0.049857114,1.160567,16.985079929371008,0.0,0.2252931508968794,0.0,300,0.03835892677307129,0.044788324912367145,0.044060212164142264,75300,18.11049048214989,0.0
251,2.1059179306030273,13.363380309025954,3.0923263589868806,18.637485094280475,10.814023753906048,0.0,0.16196776041621383,0.1,0.0028977394104003906,0.055074453353881836,0.049948867,0.62128204,16.622909967336504,0.0,0.18005874511031567,0.0,300,0.022604942321777344,0.17900908620210076,0.13225044876627903,75600,9.066376865190744,0.0
252,2.0971977710723877,14.326162786728775,3.4225783824889056,19.27046145286222,10.69220250033337,0.0,0.17013371867540458,0.1,0.003009796142578125,0.05609750747680664,0.05002659,0.6155394,16.39323524927573,0.0,0.19288466745009203,0.0,300,0.04802250862121582,0.10663124126487074,0.10706321614280083,75900,7.06554695619629,0.0
253,2.0991640090942383,15.992129095587083,3.6375418363117964,19.59551977444459,9.929953613288523,0.0,0.16170581268543513,0.1,0.0031456947326660156,0.05400562286376953,0.050206777,0.66609687,16.353124633906866,0.0,0.21560821589688495,0.0,300,0.04824662208557129,0.10978762129608045,0.10282535928381192,76200,25.450088984219516,0.0
254,2.04034686088562,19.397380692690028,1.8958728303739572,21.498931457602634,16.86519887156969,0.0,0.15628184743301152,0.1,0.003071308135986328,0.054556846618652344,0.04993357,1.1295079,16.65755023978518,0.0,0.26008484178526875,0.0,300,0.04802656173706055,0.14136428526432077,0.0667454109426344,76500,24.31157889660191,0.0
255,2.117274284362793,16.37743061374831,3.8360532775466574,20.447037063093784,11.63896017491811,0.0,0.16937374571566405,0.1,0.0029077529907226562,0.05548810958862305,0.049833547,0.9955495,16.629538277181496,0.0,0.22024001307832225,0.0,300,0.03534293174743652,0.10861932216443358,0.1347551828158999,76800,21.41946219648442,0.0
256,2.092435598373413,18.772722489731095,2.2646561086283366,21.467333410161967,16.310182502835897,0.0,0.16369616248105934,0.1,0.002991914749145508,0.05897188186645508,0.05020841,0.82597464,16.843856698436454,0.0,0.2526225068828169,0.0,300,0.036283016204833984,0.021721147117894683,0.02133989049414348,77100,20.334640617053882,0.0
257,2.1778478622436523,17.192362269238785,2.9498726071517387,19.398348120997095,12.128163876980471,0.0,0.15848007512177278,0.1,0.005719661712646484,0.055698394775390625,0.049312733,0.4636347,16.878707255516687,0.0,0.23158055545460518,0.0,300,0.06259322166442871,0.06858778319405419,0.05405578164520091,77400,20.369195701265078,0.0
258,2.1599619388580322,16.70898778680506,3.7636095511577627,22.221529081206626,11.620671796226166,0.0,0.16156195304270587,0.1,0.0029463768005371094,2.9941346645355225,0.049597405,0.8005127,16.861735308645525,0.0,0.2246669127789609,0.0,300,0.10083794593811035,0.11501904923840962,0.0934691963555106,77700,23.257335564103737,0.0
259,2.250926971435547,15.439118885403241,3.4715939567689063,21.34008715860376,12.508014825535154,0.0,0.16627021589123128,0.1,0.4181666374206543,0.055188655853271484,0.049810275,0.9337812,16.719473666321296,0.0,0.20822798460305875,0.0,300,0.15023446083068848,0.09845820041952466,0.09839464942580191,78000,22.41979003361406,0.0
260,2.082561492919922,17.942615632709376,0.8291106218366525,18.959052288729655,16.803624370970365,0.0,0.16591132929323185,0.1,0.003787517547607422,0.05578207969665527,0.04955811,0.9483159,16.841787862960103,0.0,0.24162111271375764,0.0,300,0.12987947463989258,0.044050936336583246,0.031261826243243085,78300,8.288120278308076,0.0
261,2.0857722759246826,15.350251139588648,2.0927147227098164,17.868354209423835,12.329177457821936,0.0,0.16140843489746473,0.1,0.0032532215118408203,0.056432485580444336,0.049839538,1.4569612,16.692634190622957,0.0,0.20704675016261068,0.0,300,1.3898077011108398,0.041442739389291335,0.04663175072852987,78600,7.622646587541785,0.0
262,2.1025636196136475,14.725901051046215,2.6327738439657296,19.043385670097628,12.356613868807857,0.0,0.16455039018653014,0.1,0.0033905506134033203,0.061110496520996094,0.05004839,1.0947957,16.495960876665283,0.0,0.1987192422803858,0.0,300,0.07137012481689453,0.10199782526658069,0.09075938497973429,78900,13.267755510321924,0.0
263,2.2046377658843994,17.75717232649737,2.660198942839008,21.379844925268277,14.614845064291357,0.0,0.16416493211304795,0.1,0.003181934356689453,0.06352877616882324,0.049562227,1.2889649,16.62208202164849,0.0,0.23913111986527258,0.0,300,0.062333106994628906,0.056342181596459956,0.052354368520759864,79200,20.280698337636576,0.0
264,2.278775215148926,19.255883003077678,1.7644064249345472,21.774339614697492,16.878032896770165,0.0,0.16872204484056022,0.1,0.003100156784057617,0.06319952011108398,0.049747698,0.97001076,16.885462119791413,0.0,0.2591019210755534,0.0,300,0.024715185165405273,0.05727094029726865,0.026990041387457597,79500,11.302555047419089,0.0
265,2.164733409881592,18.018938167899744,2.4960396056421352,22.085173267834406,15.637925379796442,0.0,0.15764529542989852,0.1,0.007021188735961914,0.058104753494262695,0.04936454,1.6195445,16.998809724602246,0.0,0.24262719258241838,0.0,300,0.044550180435180664,0.04918994335371656,0.0546725451939926,79800,16.29441416463524,0.0
266,2.1190807819366455,17.74101810760781,2.1066791712282704,19.590394975769666,14.165156295297693,0.0,0.16318276489795566,0.1,0.0031006336212158203,0.05838918685913086,0.04938818,0.44454235,17.0730305629028,0.0,0.23893262134288867,0.0,300,1.4786999225616455,0.04063780013327512,0.029882215876369495,80100,11.927728939613418,0.0
267,2.0648534297943115,14.717618153487312,2.1976940817973456,17.23768180785345,11.86456228089123,0.0,0.15697773351193542,0.1,0.0030252933502197266,0.05386948585510254,0.050126668,0.4974474,16.83748932196125,0.0,0.1986157449427225,0.0,300,0.05025935173034668,0.11984952782191463,0.039598889785838386,80400,20.851048557194765,0.0
268,2.0584850311279297,17.364145968626403,3.6274250659047893,21.260258183580255,11.610611827887388,0.0,0.16384482890595733,0.1,0.003117799758911133,0.2014296054840088,0.04977441,0.61707664,16.890154986627767,0.0,0.23334915018834698,0.0,300,0.2200336456298828,0.0829092486937746,0.10089752759722073,80700,17.793879578675615,0.0
269,2.2377705574035645,17.74538876390045,4.363307286820095,22.07054088655413,11.613521054502009,0.0,0.1523010765080074,0.1,0.0029876232147216797,0.05715298652648926,0.04980026,1.2912983,16.975678364355037,0.0,0.23825103200422182,0.0,300,0.26538729667663574,0.1358366245159663,0.10867212537869331,81000,13.803612015372451,0.0
270,2.286997079849243,19.005395522299956,0.46909447778968183,19.795111828375045,18.565501278883318,0.0,0.16678928055625294,0.1,0.6716172695159912,0.28243088722229004,0.049744703,0.834064,17.17865008014953,0.0,0.25573257670353366,0.0,300,0.16665148735046387,0.03664846023602969,0.009032416602432028,81300,14.812538982785496,0.0
271,2.3761675357818604,16.893735931167768,3.0767158753411654,21.402750938372506,13.421076115144183,0.0,0.1620956812473376,0.1,0.003121614456176758,0.05933117866516113,0.04988049,0.6054679,17.150158665251354,0.0,0.2276333938917356,0.0,300,0.08699679374694824,0.059240951136235356,0.07065084060070681,81600,14.822406168927332,0.0
272,2.33935546875,16.829562497962772,2.3258223672477767,19.282593584375018,13.601136328856386,0.0,0.1734150169376323,0.1,0.003015756607055664,0.05914187431335449,0.050092578,0.6398655,17.118099048522495,0.0,0.2267806345860157,0.0,300,0.052997589111328125,0.08301054021944593,0.040767403624732516,81900,13.827637678105729,0.0
273,2.351726770401001,21.13557185735921,4.816679576811075,27.240727061978905,13.740428129425291,0.0,0.1657295671859921,0.1,0.00688624382019043,0.05733323097229004,0.050005123,0.79477537,17.519846329406167,0.0,0.28283754676153705,0.0,300,0.1916184425354004,0.13851477969029574,0.12429126811646696,82200,14.852677731911053,0.0
274,2.4453482627868652,17.574222348039633,2.549941504015487,20.916234840144458,13.787872336803282,0.0,0.166515231368004,0.1,0.0031185150146484375,0.058319091796875,0.049611073,0.91869557,17.525283931269517,0.0,0.23668928270222317,0.0,300,0.18954682350158691,0.051622098904509126,0.06016554174756537,82500,14.914521821825927,0.0
275,2.4333627223968506,17.509099296967804,2.9541263693003543,20.455443653733102,13.025072281507308,0.0,0.16277678690728745,0.1,0.0030527114868164062,0.057437896728515625,0.05022354,0.5234641,17.523665467839347,0.0,0.2358223937379558,0.0,300,0.0465848445892334,0.06449409656313267,0.0517631526158902,82800,13.855800769857238,0.0
276,2.128908395767212,18.562076227299467,2.651446032071281,21.391156968709854,15.713810887584179,0.0,0.1777473567577855,0.1,0.005584001541137695,0.42018818855285645,0.05008077,1.4413105,17.62750654378536,0.0,0.24986534079844275,0.0,300,0.19599127769470215,0.057970514098484915,0.06160809731577016,83100,7.085440105244362,0.0
277,2.252920389175415,19.411893803282606,5.535437941000076,27.03958626519632,11.608108475566572,0.0,0.1669098406176968,0.1,0.0027348995208740234,0.16099071502685547,0.05018058,0.78274447,17.805945269735084,0.0,0.2602925239050004,0.0,300,0.0728616714477539,0.15583483840123422,0.14699909646079387,83400,8.012555691080722,0.0
278,2.0473146438598633,19.269153321439287,2.478296330101549,21.999177974861972,16.759058081725634,0.0,0.16738013871054958,0.1,0.0038347244262695312,0.058925628662109375,0.049883086,1.0184829,17.952266074905502,0.0,0.25930263256684005,0.0,300,0.3508422374725342,0.03507999635736562,0.030888884482928383,83700,14.853412344810094,0.0
279,2.194196939468384,18.658252679234565,3.979585911573189,21.435710651314565,11.832598649678202,0.0,0.161265196785077,0.1,0.003314495086669922,0.05809211730957031,0.050068412,0.84479237,18.02286473533841,0.0,0.25113288306676934,0.0,300,0.06842756271362305,0.09217123035165342,0.09176377209538801,84000,12.990924430320488,0.0
280,2.1408843994140625,13.826222952407878,3.795785848320703,19.939512989810705,10.14667019526896,0.0,0.15790793115269786,0.1,0.0031173229217529297,0.05813169479370117,0.049736556,0.6844534,17.603200557045355,0.0,0.18667196130710267,0.0,300,0.026073217391967773,0.4018390187173888,0.21440631441752453,84300,15.90332641078742,0.0
281,2.196953535079956,17.572545672669087,3.5483289848109627,21.17445482168955,11.677263151877062,0.0,0.15646530863124292,0.1,0.0031900405883789062,0.2460174560546875,0.050278734,0.590069,17.600135068607727,0.0,0.23666955727480274,0.0,300,0.15814447402954102,0.05893813589277039,0.0894462500526383,84600,17.233639979597026,0.0
282,2.150038719177246,21.462468067131958,1.8201411389275959,23.690662801897588,19.509626923804223,0.0,0.1601979448527999,0.1,0.0032427310943603516,0.059273719787597656,0.04993222,0.9306174,17.986368368460152,0.0,0.28844561231874255,0.0,300,0.11671924591064453,0.1555274295322134,0.08355534773014053,84900,16.01588274670615,0.0
283,2.3221237659454346,18.64759852219975,3.067210837125328,21.648212195067238,14.19523439266569,0.0,0.17216271502212796,0.1,0.003047466278076172,0.058045387268066406,0.050145123,0.93184245,18.052491383834113,0.0,0.251018938469774,0.0,300,0.16638970375061035,0.06340729471914029,0.058895710189210505,85200,20.1256126224346,0.0
284,2.263364315032959,15.468636888302026,2.9453617387835465,19.882628618876915,11.601898401159408,0.0,0.15574457919929105,0.1,0.0030493736267089844,0.06190776824951172,0.049063746,0.7250036,17.794105934280907,0.0,0.20794711826927448,0.0,300,1.3575129508972168,0.20090784443810802,0.1429799432185046,85500,8.55830105071986,0.0
285,2.216326951980591,17.8766618587111,2.2700280838233686,20.271941502202022,14.704393976372646,0.0,0.17241801913013272,0.1,0.0030367374420166016,0.06110024452209473,0.05056118,0.5564898,17.802361526723928,0.0,0.24073737480291446,0.0,300,0.13204312324523926,0.044563936204439936,0.03359711946910744,85800,10.240469294218046,0.0
286,2.2215771675109863,17.316325271306706,2.0283808717031917,20.693149010461767,15.724199012104831,0.0,0.16631357694487986,0.1,0.0028307437896728516,0.051866769790649414,0.049919225,0.8097585,17.753757901182208,0.0,0.2332679962078278,0.0,300,0.2064065933227539,0.030009211427631497,0.037490297870024995,86100,15.968533156575809,0.0
287,2.1877622604370117,20.64037499286244,2.8856468371981774,22.387171073865083,15.643366927924088,0.0,0.1862604875193324,0.1,0.002908468246459961,0.05296969413757324,0.04993199,0.8280134,18.042419610350233,0.0,0.2775910956935064,0.0,300,0.06274080276489258,0.1241264102408065,0.06966189124396913,86400,18.142239510790464,0.0
288,2.21553111076355,19.66953460115518,1.3576377347690824,21.480984556402387,17.72034528470683,0.0,0.1791871902536488,0.1,0.0030727386474609375,0.05673813819885254,0.050161943,0.6075268,18.20513110943073,0.0,0.2641130726207116,0.0,300,0.07182550430297852,0.022272117482534184,0.023417276511547645,86700,16.92302795176233,0.0
289,2.2050230503082275,15.315184653828428,5.1856656257760045,21.616765479613914,7.549861726367881,0.0,0.1542775639849674,0.1,0.003164052963256836,0.056175947189331055,0.049263127,0.47924143,17.9161364638705,0.0,0.20658554329915751,0.0,300,0.07053589820861816,0.2778676157069573,0.17637633476730705,87000,17.88917159924046,0.0
290,2.2722694873809814,17.65523997576514,3.7213280878193196,22.82559714291139,14.016518030546656,0.0,0.1627426068841268,0.1,0.0030601024627685547,0.056133270263671875,0.0499634,0.8482207,17.890046815059968,0.0,0.237644806604197,0.0,300,0.24540376663208008,0.08159204123589654,0.08269485124830774,87300,16.232899849233522,0.0
291,2.2521400451660156,19.489606220013517,2.150953741524098,22.206044134233267,16.86322966551504,0.0,0.15687113648915763,0.1,0.003223419189453125,0.06165266036987305,0.049552146,1.384827,18.050002755555322,0.0,0.26224293272916077,0.0,300,0.998016357421875,0.08216139162140967,0.0781431705657409,87600,17.180493323020904,0.0
292,2.2347352504730225,19.058008960435487,1.8293415937714559,22.117124285833903,17.541175736678568,0.0,0.17596562937749888,0.1,0.003083944320678711,0.0565485954284668,0.04962461,0.8117132,18.15080337604334,0.0,0.256474008631627,0.0,300,0.04091835021972656,0.051364995190174095,0.02174774998776441,87900,17.130285986841788,0.0
293,2.2266619205474854,17.909951265677076,1.546903246771663,19.781197062774215,15.574120710413496,0.0,0.1720549926531163,0.1,0.002993345260620117,0.05766415596008301,0.05007953,1.3556632,18.126718165006714,0.0,0.24106145600662265,0.0,300,0.03438258171081543,0.033396133144736107,0.04258565258439446,88200,16.96228761786139,0.0
294,2.2845728397369385,19.52421288854456,2.6600314301289565,22.53731225389577,15.935239521899291,0.0,0.17021577831928275,0.1,0.003129243850708008,0.056577444076538086,0.050142672,0.5738996,18.2664676373605,0.0,0.2627060439019486,0.0,300,0.04220223426818848,0.04668636607489927,0.045792962102287206,88500,16.082972927591246,0.0
295,2.320910930633545,18.496782169966963,2.884099004736511,21.269921308373277,13.986244529793762,0.0,0.17154831990720548,0.1,0.0030236244201660156,3.869655132293701,0.049892522,0.49198216,18.289499090621145,0.0,0.24900615269900908,0.0,300,0.3679192066192627,0.04410480887732433,0.039393115773959556,88800,14.908069151152404,0.0
296,2.242835283279419,17.314228159409907,2.7881897556813917,20.19235974116208,13.453030231607967,0.0,0.1767870735548569,0.1,0.0029020309448242188,0.05547022819519043,0.04915359,0.6358887,18.191971997500023,0.0,0.23324094967981737,0.0,300,0.10767698287963867,0.07254850578878784,0.046186267182381086,89100,13.907997456510607,0.0
297,2.261594295501709,19.24784569145978,3.5616556092042186,21.980337059897636,13.261277319266554,0.0,0.1673674170262813,0.1,0.002907991409301758,0.060164690017700195,0.049457703,0.7828725,18.297559366896,0.0,0.25899296699375907,0.0,300,0.06767988204956055,0.07950601562676146,0.08116646465406392,89400,11.603512692089623,0.0
298,2.221633195877075,11.95425530795331,2.6728436236067186,16.045273830839196,8.547543394601922,0.0,0.15618671573591866,0.1,0.002838611602783203,0.057849884033203125,0.049717005,0.52049565,17.663228961001728,0.0,0.16055430519748976,0.0,300,0.14179348945617676,0.3621834956555805,0.2321135514207073,89700,14.921065217431362,0.0
299,2.2366342544555664,19.902755740617568,0.2671160221239293,20.24988099845811,19.511933843897154,0.0,0.1670943947266262,0.1,0.006116628646850586,0.05530261993408203,0.05015974,0.77285475,17.887181638963312,0.0,0.26775616690259096,0.0,300,0.07706499099731445,0.08583382284271744,0.07650279096390242,90000,13.90870342943279,0.0
300,2.367438793182373,20.55135538083326,1.7237696662664836,22.30791895516004,17.85327252759329,0.0,0.17962918584781074,0.1,0.0030498504638671875,0.05981016159057617,0.050100368,0.7419201,18.15359901315031,0.0,0.2761740089675675,0.0,300,0.04955458641052246,0.08548345628974237,0.02880005558576482,90300,14.884544026100818,0.0
301,2.267698049545288,20.938636725152172,2.472513398070648,23.81214193992437,17.00665261830306,0.0,0.1853481102376895,0.1,0.003634929656982422,0.05836200714111328,0.05029333,0.6737788,18.432102784350494,0.0,0.2815684926621439,0.0,300,0.05077934265136719,0.04940806821856532,0.03095789948312952,90600,11.605791980235876,0.0
302,2.2742903232574463,20.87514100618584,2.8790789748290764,23.067011823394402,15.960774357850449,0.0,0.16779887381603253,0.1,0.0034246444702148438,0.05830740928649902,0.050033715,0.7251707,18.67640660653403,0.0,0.2807146443689468,0.0,300,1.4818379878997803,0.056285149697493174,0.052101194369947625,90900,16.86447150151909,0.0
303,2.364377498626709,20.546806051545513,2.324827742350468,22.727123059758824,16.728387685825073,0.0,0.16511689213267103,0.1,0.003345489501953125,0.058753252029418945,0.050256975,0.99471194,18.863446551035178,0.0,0.2763399615227632,0.0,300,0.05080866813659668,0.03712575574190728,0.02238681297799985,91200,15.074776642555625,0.0
304,2.2448949813842773,18.463833866467816,3.636098189874293,22.212024860938847,12.54261279495234,0.0,0.16436871322755023,0.1,0.003041982650756836,0.05747485160827637,0.049662758,0.54733014,18.823485282578442,0.0,0.2484674198146531,0.0,300,0.05501818656921387,0.1002733046372222,0.06931721485395867,91500,14.89041811735279,0.0
305,2.215064287185669,18.380004728080507,4.102937017120846,22.28603196650558,11.602411392728776,0.0,0.15831888303151595,0.1,0.0029239654541015625,0.05911564826965332,0.050131552,0.9086049,18.77913722712865,0.0,0.24694699464865655,0.0,300,0.025510072708129883,0.07931161359309881,0.08529604745921314,91800,15.988784176733246,0.0
306,2.2321274280548096,14.992481595368885,5.524184540007802,20.88004472042477,8.643316282427232,0.0,0.16390452552236848,0.1,0.004240512847900391,0.05786013603210449,0.050080594,0.5222113,18.400471663952676,0.0,0.20204140150450578,0.0,300,0.12798309326171875,0.23399043679201706,0.2113957588051131,92100,15.883932876016095,0.0
307,2.367009162902832,21.661580644566826,1.5426053149065486,23.20688356616053,19.605172011105594,0.0,0.18072585944900377,0.1,0.0031783580780029297,0.05856680870056152,0.04986298,0.7829293,18.72658256201409,0.0,0.29120773596886435,0.0,300,0.10142707824707031,0.11565877762813344,0.07111650030456615,92400,11.608063130247816,0.0
308,2.3966081142425537,18.753399906856593,4.372164273114047,23.032897744269814,11.617447847837365,0.0,0.1500649829540634,0.1,0.003268003463745117,0.059012651443481445,0.04981578,0.62383634,18.729264296498343,0.0,0.25192846524353585,0.0,300,0.14232373237609863,0.08161200413440511,0.07991330317807463,92700,16.939823592812363,0.0
309,2.406491756439209,20.39198005788181,1.8212768880605832,22.852374869071326,17.721240006072595,0.0,0.1689479283520838,0.1,0.0035431385040283203,0.0583348274230957,0.049572825,0.8178727,18.89553587263669,0.0,0.2742782825426321,0.0,300,0.05344080924987793,0.01914849658428965,0.021915513056150998,93000,12.855748969661922,0.0
310,2.3604273796081543,17.39369056623092,3.5025165623670684,20.798218665700453,11.603437742024948,0.0,0.16721389588144442,0.1,0.0029845237731933594,0.058080434799194336,0.04999921,0.48495713,18.745351341996113,0.0,0.2337983366627343,0.0,300,0.10033535957336426,0.14366090368661386,0.08435176132913574,93300,17.985976394538316,0.0
311,2.3392083644866943,20.90263442361829,2.5564845666593334,23.03375803760243,16.533044590737525,0.0,0.1798929519198189,0.1,0.00496220588684082,0.0577695369720459,0.04999372,0.647914,18.961079650158332,0.0,0.28093354663598363,0.0,300,0.06916689872741699,0.042873144326661186,0.05392924726412608,93600,16.95902685823716,0.0
312,2.4829633235931396,19.394260429925623,3.133505150346643,22.692388723291774,14.284330684664033,0.0,0.16329654418445433,0.1,0.0031266212463378906,0.05920577049255371,0.049102012,0.96964926,19.00439772813506,0.0,0.26096854545732295,0.0,300,1.48992919921875,0.07546805295865867,0.06931450701906239,93900,17.858559931246727,0.0
313,2.496488571166992,16.54461852478798,4.706389710383186,20.278773224886372,8.628258346341669,0.0,0.15848236225016088,0.1,0.003844022750854492,0.05965137481689453,0.04971569,0.4496434,18.75841980780035,0.0,0.22297760492411145,0.0,300,0.044181108474731445,0.13751246897084266,0.12722218626847911,94200,15.963175418333728,0.0
314,2.3607540130615234,18.492871083195382,3.9769008121871328,21.16611594334929,11.619125249167393,0.0,0.1695158231789532,0.1,0.0032105445861816406,0.06343936920166016,0.050249565,0.46366617,18.731864935339853,0.0,0.24843851510505244,0.0,300,0.37120723724365234,0.06686146106156043,0.06874360484529565,94500,15.830289517800372,0.0
315,2.418203353881836,20.958777512478683,1.206698158579404,22.989790653287717,20.00243136357656,0.0,0.16659069733106013,0.1,0.002920866012573242,0.05310869216918945,0.04982972,1.2376839,18.954556193053737,0.0,0.28183403239975785,0.0,300,0.34395575523376465,0.0578171853843343,0.030750047215609748,94800,17.809419036902792,0.0
316,2.283510684967041,20.2621441968603,1.5193089043983803,21.7476078976951,17.71911779414224,0.0,0.16770907311440886,0.1,0.003178119659423828,0.05452871322631836,0.050155,0.91362303,19.085314993434395,0.0,0.27254165890601567,0.0,300,0.1994493007659912,0.025315614582893036,0.023512743534099337,95100,18.81344881510398,0.0
317,2.310837984085083,20.91203748732817,0.9064140112721856,22.223600126911958,19.667099777031126,0.0,0.16435777732733592,0.1,0.0028839111328125,0.05406022071838379,0.049686752,0.77366894,19.26798724282377,0.0,0.28120918440610926,0.0,300,0.09756994247436523,0.009997616121984772,0.010015968640796303,95400,17.903097671255154,0.0
318,2.3464818000793457,19.74071453005739,4.11336981238717,23.250332083953335,12.898088506280727,0.0,0.16615527332476077,0.1,0.0030236244201660156,0.0591435432434082,0.049915195,0.47445887,19.315259971547132,0.0,0.2655378867492817,0.0,300,0.1346733570098877,0.06773438675286704,0.059112917747440145,95700,14.747534454511603,0.0
319,2.5503499507904053,19.227787466543496,3.3552086254970312,22.491268356173705,14.372125174673533,0.0,0.16937623644428523,0.1,0.0030126571655273438,0.05778837203979492,0.050132744,0.5272579,19.30651272104677,0.0,0.25875668534188423,0.0,300,0.14406347274780273,0.06216494021038555,0.05169650937045304,96000,10.884598949298026,0.0
320,2.5199499130249023,19.123549934919094,4.821899223080078,24.661278146480097,11.602677242129042,0.0,0.1574410831344173,0.1,0.003271341323852539,0.16035199165344238,0.049836393,0.7529529,19.288216442434003,0.0,0.2565903474823045,0.0,300,0.22789883613586426,0.11709130088769897,0.11752913101331798,96300,17.897869438934503,0.0
321,2.5027241706848145,21.206091040485237,1.6802717777206506,23.521274213330578,19.583035373574287,0.0,0.16083172879553576,0.1,0.0031175613403320312,0.06245827674865723,0.049902085,0.96598876,19.480003902239126,0.0,0.2848370189745689,0.0,300,0.07225441932678223,0.043381204827627515,0.021067167427060413,96600,16.965974353667374,0.0
322,2.6278066635131836,19.755154043901243,2.2426589099730454,22.931737634423595,16.815318685800268,0.0,0.16455864468215065,0.1,0.0029954910278320312,0.05739951133728027,0.049659267,0.8857484,19.50751891640534,0.0,0.26571558910170384,0.0,300,0.028394222259521484,0.024331949526396564,0.03190504836434078,96900,16.941084306709364,0.0
323,2.4767746925354004,20.28925538087813,2.60526468651158,22.910740152224726,16.339630333297432,0.0,0.1688582053752747,0.1,0.0032830238342285156,0.05617713928222656,0.049369168,0.7729473,19.585692562852618,0.0,0.27290944373236103,0.0,300,0.09461259841918945,0.030045119864063795,0.02941878435505703,97200,15.854574912081155,0.0
324,2.355656623840332,15.606134698140666,3.959528996854508,19.725723592135395,10.144211069907954,0.0,0.1589210469521571,0.1,0.003978729248046875,0.16968417167663574,0.05008846,0.47418517,19.18773677638142,0.0,0.21046700835285484,0.0,300,0.10012125968933105,0.2107197700076897,0.10537603396886058,97500,16.845868041661724,0.0
325,2.2706806659698486,18.74066812767675,3.257752443780173,21.896741657538133,13.313886069401654,0.0,0.16767300661280649,0.1,0.0035355091094970703,0.05746102333068848,0.049620904,0.87768686,19.143029911510954,0.0,0.2522563809897736,0.0,300,0.11243677139282227,0.05666736237033902,0.0800992519653903,97800,15.018072358108016,0.0
326,2.268981695175171,19.307911919226196,1.4745543632976528,20.523483035049267,16.815492690392276,0.0,0.16634825181201116,0.1,0.003054380416870117,0.05490732192993164,0.04997413,1.0256213,19.159518112282477,0.0,0.25979704623905253,0.0,300,0.051074981689453125,0.04383534374680935,0.029061600757221313,98100,16.973110092149742,0.0
327,2.2997090816497803,19.597392357935863,1.9338361754264175,22.35121792193757,17.686160759447585,0.0,0.1718256917957071,0.1,0.003091096878051758,0.05713176727294922,0.050271764,0.7942108,19.203305536847814,0.0,0.26366051770755367,0.0,300,0.05469536781311035,0.040441994321649015,0.02049608180353413,98400,17.906837835956136,0.0
328,2.326911449432373,17.944490887559567,3.67188215162965,20.40071280224136,11.617352170584368,0.0,0.16108758119993344,0.1,0.003078937530517578,0.05691099166870117,0.049620867,0.5289519,19.07742407191899,0.0,0.241212536977978,0.0,300,0.039765119552612305,0.07795195448300518,0.08614891180841694,98700,16.867104078282466,0.0
329,2.3543403148651123,21.39532637417483,1.1397467847201697,22.47370983398836,19.785296028863847,0.0,0.16955258670740314,0.1,0.0030388832092285156,0.05952119827270508,0.05007009,1.1163958,19.309214302144575,0.0,0.2873158779817564,0.0,300,0.028483152389526367,0.019505378194441304,0.013965173354720558,99000,16.940180180738675,0.0
330,2.394196033477783,17.040939732818032,1.9963545479497646,20.177157965472613,14.929647267085981,0.0,0.17041645060321592,0.1,0.0030450820922851562,0.18216347694396973,0.049734727,0.7218083,19.08238684521192,0.0,0.22958284773089122,0.0,300,0.15669631958007812,0.09726466880997237,0.056012947090421865,99300,17.850205234636775,0.0
331,2.310629367828369,16.109161961089633,4.685501966582143,21.683634918584232,11.343562306557773,0.0,0.16357164856401876,0.1,0.0030159950256347656,0.05555987358093262,0.050144013,0.6531334,18.785064356799694,0.0,0.21660997357922906,0.0,300,0.19063901901245117,0.18007689967045662,0.12537748646230393,99600,17.84789625984637,0.0
332,2.282991886138916,15.084972514979,4.546841603892843,21.946247762674837,10.412339152103858,0.0,0.1635220194441967,0.1,0.003107786178588867,0.05567741394042969,0.04949871,0.6951563,18.415055172617624,0.0,0.20300033635359893,0.0,300,0.060523033142089844,0.1565351422553985,0.14826268208965798,99900,15.827972746652584,0.0
333,2.3297479152679443,21.088654670083105,2.062101144358913,23.548198888468647,17.874951630180078,0.0,0.16463479970400885,0.1,0.003156900405883789,0.053003549575805664,0.049820513,0.75040615,18.682415122364173,0.0,0.28356031532447096,0.0,300,0.22481703758239746,0.14661691301497357,0.09724515841427006,100200,16.871462998408248,0.0
334,2.3749821186065674,18.25479581568087,3.847746515251699,21.334895878431432,11.670833878400677,0.0,0.16205940666573623,0.1,0.003324270248413086,0.05581831932067871,0.049922246,0.8068992,18.639653191695842,0.0,0.24578335470068685,0.0,300,1.3850843906402588,0.10327482267907384,0.0808385228561916,100500,16.821312948965282,0.0
335,2.3815221786499023,18.704466567223317,3.8670303841641425,22.42879421267421,12.287246330219586,0.0,0.16397558121380923,0.1,0.0028891563415527344,0.06088566780090332,0.04961294,0.72919834,18.64613452924859,0.0,0.2517780716838075,0.0,300,0.16562795639038086,0.07181836054674386,0.07955974688460919,100800,13.836556318395987,0.0
336,2.3214402198791504,19.287273695257333,0.4902687402618591,19.793764111476445,18.716186796506637,0.0,0.16984495939366315,0.1,0.002971649169921875,0.05606245994567871,0.04996747,0.6551953,18.71024844584947,0.0,0.25955005527221725,0.0,300,0.06833958625793457,0.009943903162190897,0.007760199204642445,101100,13.918537099423164,0.0
337,2.4160778522491455,18.31821247047461,1.8747499351081547,21.339055983558048,16.55809177656522,0.0,0.16309795096081986,0.1,0.06636190414428711,0.055512428283691406,0.05017599,0.76841784,18.671044848311983,0.0,0.2466272940757231,0.0,300,0.13280391693115234,0.03676995784458917,0.023275847821038444,101400,11.601742363753909,0.0
338,2.52929949760437,18.200000577137523,2.47703743212673,20.10697793878915,13.980240245919047,0.0,0.16815311377774156,0.1,0.003210306167602539,0.05616188049316406,0.050040223,0.54944295,18.623940421194536,0.0,0.24502268931405458,0.0,300,0.1678924560546875,0.03532404590429091,0.03639643572247765,101700,14.9186377237001,0.0
339,2.5811636447906494,20.50957112474984,1.934751835709641,22.527122113210353,17.343212124480207,0.0,0.17341612354706304,0.1,0.5424232482910156,3.9861536026000977,0.049824443,0.7683424,18.812503491550064,0.0,0.27584094807445375,0.0,300,0.026137590408325195,0.045592307654902006,0.02881233477100386,102000,14.868526050849859,0.0
340,2.536116600036621,20.638326020822667,0.6018533790692732,21.589626648014537,19.924986391641294,0.0,0.16535863179966498,0.1,0.0031354427337646484,0.05808305740356445,0.049255997,0.8627908,18.995085744477326,0.0,0.2775560297198221,0.0,300,0.2759273052215576,0.01769165046349683,0.005087678484016132,102300,14.865590902779024,0.0
341,2.502385139465332,19.801028012065544,2.436229047025163,21.602927294623612,15.604698488965388,0.0,0.17678968190816546,0.1,0.0030035972595214844,0.05592679977416992,0.050451316,0.73734844,19.07567997123615,0.0,0.26639843290532383,0.0,300,0.05574369430541992,0.04578386460119217,0.049270563374401374,102600,11.600780888841625,0.0
342,2.3705689907073975,15.702452894318236,2.501699899776722,18.09604564030618,11.616112183040098,0.0,0.1608743465977084,0.1,0.002937793731689453,0.13732409477233887,0.050752427,0.50403583,18.73835726354436,0.0,0.2112503367809355,0.0,300,0.1371748447418213,0.2647426334490925,0.09046944140998972,102900,13.991962601241502,0.0
343,2.35604190826416,20.40298003664327,1.7592845813240403,22.8218611572651,18.042357233486065,0.0,0.16960028306004457,0.1,0.004281044006347656,0.05702614784240723,0.05012962,0.9052143,18.90481954085425,0.0,0.27442580251589077,0.0,300,0.0946955680847168,0.03612912442646438,0.06280079695269446,103200,15.817733728857837,0.0
344,2.416696548461914,17.22922275495593,3.7423407183923274,20.597655502337304,11.452049358018854,0.0,0.16411756978498343,0.1,0.003837108612060547,0.06425309181213379,0.049550705,0.73728496,18.737259862264416,0.0,0.23210702142708312,0.0,300,0.5672240257263184,0.08005001454510852,0.07850456375969125,103500,16.811753743412595,0.0
345,2.3140339851379395,18.28266371670552,1.863441994854372,20.004196516857835,15.462931475155198,0.0,0.17177883695440793,0.1,0.003407001495361328,0.06101202964782715,0.04984543,0.82299334,18.691800247708528,0.0,0.24615058120925368,0.0,300,0.0785529613494873,0.025004617170400516,0.021491483719232235,103800,14.812756864079352,0.0
346,2.456900119781494,19.287405429346542,7.661682297107094,24.6689327247194,6.167643705520155,0.0,0.15439282798458456,0.1,0.003409147262573242,0.05599665641784668,0.050554264,0.52913857,18.75136076587233,0.0,0.25894595449048796,0.0,300,0.15929388999938965,0.21038604683789355,0.20110126718790694,104100,16.83823109995683,0.0
347,2.468932628631592,21.84880515490758,0.928923888998373,22.887433996489726,20.466303491231834,0.0,0.1767590607966905,0.1,0.003987312316894531,0.0578916072845459,0.049363542,0.78314805,19.061105204775856,0.0,0.2937038889145466,0.0,300,0.12017369270324707,0.03340924929123283,0.009633440138127279,104400,16.872591722642053,0.0
348,2.5101382732391357,19.83367712691912,2.8748726159777407,23.55840884569696,16.007943001490247,0.0,0.1641693678406821,0.1,0.0031876564025878906,0.05917477607727051,0.050012175,0.6258838,19.138362396990182,0.0,0.26682829478530745,0.0,300,0.15488672256469727,0.0476751780496908,0.05323838850690802,104700,17.829387003922328,0.0
349,2.5092103481292725,19.411459505240085,4.844635884675578,23.62659784639163,11.603005880219452,0.0,0.1702150845918047,0.1,0.0030622482299804688,0.057103633880615234,0.050417412,0.77372557,19.165672107815176,0.0,0.2606236493128445,0.0,300,0.15059733390808105,0.11730754458065623,0.1006536644070128,105000,17.969238656697677,0.0
350,2.54998779296875,17.12191689848411,1.3705521330036325,18.804248663267753,15.764289265863068,0.0,0.17880581509356794,0.1,0.0029489994049072266,0.05391502380371094,0.050304964,0.43116271,18.96129658688207,0.0,0.23067604233184713,0.0,300,0.06051135063171387,0.07945028775844204,0.02769457282261027,105300,18.85532260750259,0.0
351,2.5060694217681885,19.35772923260964,2.9200554520878828,22.308585896274444,14.542668263356823,0.0,0.16463515079553165,0.1,0.003262042999267578,0.05431532859802246,0.050521657,0.7657832,19.000939851454827,0.0,0.26048807666559515,0.0,300,0.051027774810791016,0.05613312599698966,0.06787734799112446,105600,17.896797127353032,0.0
352,2.483961343765259,19.004533008154038,0.7839613159624782,20.30148407708585,18.199819865471753,0.0,0.1721867423486941,0.1,0.0029022693634033203,0.054306745529174805,0.049868602,1.0146915,19.00129916712475,0.0,0.25577389643904147,0.0,300,0.17969441413879395,0.038870616661394644,0.018146692348788872,105900,18.88769214893603,0.0
353,2.5423083305358887,20.981744403331806,5.490982438695686,25.56416472213251,11.601505632175462,0.0,0.1759860733865606,0.1,0.004227876663208008,0.06100130081176758,0.049673297,0.61352104,19.199343690745458,0.0,0.28133140410970725,0.0,300,0.0685422420501709,0.12677980287204282,0.10461896941648066,106200,19.923194442355882,0.0
354,2.4604194164276123,21.531622942577954,0.7060187212045939,22.37632125602456,20.611472414471276,0.0,0.17602414147990325,0.1,0.002987384796142578,0.05556654930114746,0.049932405,0.86196715,19.43257161592871,0.0,0.2894693826323128,0.0,300,0.03160834312438965,0.016180146863786726,0.016814270148134785,106500,18.91341733980667,0.0
355,2.4243130683898926,17.802668128721592,4.006522035890494,22.833097937875703,11.624314187382865,0.0,0.15637790078651578,0.1,0.007321357727050781,0.05587577819824219,0.05002125,0.5444804,19.269581267207997,0.0,0.23925291906637014,0.0,300,0.03788042068481445,0.15505636947323978,0.09454459124478772,106800,18.859901168039723,0.0
356,2.422105073928833,18.28790496626052,3.664651530251056,23.664714535543148,13.441688109393896,0.0,0.15944345930775414,0.1,0.0031714439392089844,0.13212347030639648,0.050005607,1.0027088,19.17141363711325,0.0,0.2462210323720509,0.0,300,0.24573898315429688,0.08592965586502002,0.06211195344166946,107100,18.832159270304054,0.0
357,2.4828295707702637,19.43997324004424,3.9378434020745745,24.459678529068945,13.4659693054276,0.0,0.1570231284798947,0.1,0.1042940616607666,0.05694174766540527,0.049807128,0.7415272,19.19826959740635,0.0,0.26092304966637136,0.0,300,0.16010093688964844,0.09482557810286686,0.10494023168900939,107400,14.83280530038107,0.0
358,2.652968645095825,19.22019963393097,2.090619289748856,21.63945702495778,16.568244497200926,0.0,0.16665192419990643,0.1,0.002988100051879883,0.06060028076171875,0.049699124,0.8695837,19.200462601058813,0.0,0.2586546551816089,0.0,300,0.17000174522399902,0.050233377684588104,0.029452361450216635,107700,17.81561670323805,0.0
359,2.5976181030273438,18.865451433932865,5.645669767316856,26.047703561554865,11.641448220295644,0.0,0.1795195304016719,0.1,0.003056764602661133,0.05678677558898926,0.049809966,0.6183569,19.166961484346217,0.0,0.25306408866484376,0.0,300,0.1981217861175537,0.14105781363053083,0.1394069438547176,108000,18.797656939963307,0.0
360,2.652155876159668,20.517696849242462,1.9225307936608234,21.811900516518378,17.193671002405964,0.0,0.1675664833562226,0.1,0.0029337406158447266,0.05717206001281738,0.050434936,0.65475893,19.30203502083584,0.0,0.2759548445633484,0.0,300,0.1685190200805664,0.024305761516230224,0.022020383260073353,108300,17.857342908012132,0.0
361,2.711426019668579,22.318360676856685,1.7665357137347855,23.612575018177136,19.314450865216127,0.0,0.16409592666580317,0.1,0.003050565719604492,0.05704855918884277,0.049374536,2.5250723,19.60366758643793,0.0,0.2997617712795074,0.0,300,0.1917555332183838,0.030160569653004746,0.021697979789937115,108600,16.80497936666222,0.0
362,2.4134833812713623,20.681322541011586,1.7788392859730646,22.919013156346423,18.647013602188395,0.0,0.16881449284801306,0.1,0.00391697883605957,0.058844566345214844,0.050061036,1.0642678,19.711433081895294,0.0,0.27812742309204663,0.0,300,0.17673826217651367,0.035599038127342414,0.03475958785186182,108900,16.80684229436849,0.0
363,2.398684501647949,20.099272397739643,3.1659585055943986,23.241023461546636,16.325259697445944,0.0,0.16926118111077523,0.1,0.003281831741333008,0.05648541450500488,0.050086576,0.67673576,19.75021701347973,0.0,0.27036091170692006,0.0,300,0.06331801414489746,0.05149191287217876,0.04138950517037203,109200,16.798317977094733,0.0
364,2.4038639068603516,20.501790146760335,2.6754938398193717,23.84218949946511,17.093819542331527,0.0,0.1828519608616869,0.1,0.0029997825622558594,0.054752349853515625,0.049498487,0.95663005,19.82537432680779,0.0,0.2757342321455701,0.0,300,0.042426347732543945,0.041171163274653366,0.04230805196503584,109500,14.794409186530425,0.0
365,2.3386669158935547,18.10119118462999,1.1181041174800521,19.83088610616934,16.78638050931112,0.0,0.1765103298685667,0.1,0.0030412673950195312,0.057985544204711914,0.05035127,0.4477449,19.65295601259001,0.0,0.24369679532942018,0.0,300,0.06444668769836426,0.02481119264607669,0.013017764709911195,109800,16.78728073303889,0.0
366,2.405918598175049,20.682384163454635,1.3441567078873848,22.134698503405843,18.505915292261133,0.0,0.17013620785751596,0.1,0.0030364990234375,0.0569462776184082,0.049364157,1.1329072,19.75589882767647,0.0,0.2781492232766793,0.0,300,0.046113014221191406,0.03410010247014731,0.03027301204077281,110100,16.786793496790214,0.0
367,2.3478317260742188,20.53371047977677,1.615921105271869,22.131441768670236,17.846332119876905,0.0,0.1716027386440361,0.1,0.0030372142791748047,0.0595550537109375,0.05011839,1.0684514,19.833679992886502,0.0,0.27616710624230834,0.0,300,0.07645082473754883,0.03503349371769466,0.020358491798760675,110400,13.789138323511933,0.0
368,2.4225456714630127,21.201561052926664,1.6644222314508528,23.231652831334024,18.774087557816546,0.0,0.17959850902950894,0.1,0.003046751022338867,0.05720853805541992,0.050450113,0.61041486,19.970468098890517,0.0,0.28506847052807116,0.0,300,0.07404518127441406,0.013924516086242733,0.015988623690403412,110700,16.78880416000916,0.0
369,2.418914318084717,18.536896745426098,4.65141417427061,24.271714341842397,11.602928356190128,0.0,0.1693841032343606,0.1,0.0031266212463378906,0.057588815689086914,0.050185397,0.47618943,19.827110963544076,0.0,0.2487696559677407,0.0,300,0.06518435478210449,0.14931856863056,0.11122487325902884,111000,14.79364329765056,0.0
370,2.419947624206543,21.45625975115676,1.4774313225191296,23.732520221456344,20.14531867957635,0.0,0.17377417653954075,0.1,0.0030357837677001953,0.057279348373413086,0.049498368,0.831737,19.990025842305343,0.0,0.28845531810032093,0.0,300,0.042931556701660156,0.016339568875092542,0.024491989436020527,111300,13.792345451532702,0.0
371,2.396017551422119,19.402189262961656,5.252449939309395,23.25653445507259,10.354848240143607,0.0,0.1812647263528318,0.1,0.0031042098999023438,0.05698657035827637,0.05011747,0.44630346,19.931242184370973,0.0,0.2610803145548435,0.0,300,0.0265963077545166,0.09781805972930173,0.09559606400242265,111600,16.79106493926966,0.0
372,2.636150360107422,21.662625882357695,0.7799068914829156,22.995860989067335,21.042206231165828,0.0,0.1684534270589898,0.1,0.003467559814453125,0.05787062644958496,0.04973031,1.1305039,20.104380554169648,0.0,0.29121926503678286,0.0,300,0.20652103424072266,0.02652953885757397,0.009820999974299513,111900,17.78401022913489,0.0
373,2.501099109649658,21.92335513301322,1.0194102411219221,23.553441680846696,20.76644042337647,0.0,0.1643061603511979,0.1,0.17301130294799805,0.05677509307861328,0.050204933,2.438534,20.286278012054005,0.0,0.29442291146087207,0.0,300,0.19130229949951172,0.016059535561184366,0.016858087200702247,112200,15.796063215246994,0.0
374,2.5294747352600098,18.199071637519392,1.404693791848841,19.87060967647344,16.146463033236646,0.0,0.17133339786533716,0.1,0.003004312515258789,0.057328224182128906,0.050442137,0.5981504,20.077557374600545,0.0,0.24502096630465414,0.0,300,0.11711812019348145,0.12967431841814583,0.03895888046032015,112500,12.784583177106212,0.0
375,2.6150424480438232,19.21058580146534,4.365427467915152,23.462515649260496,13.013473752122431,0.0,0.15685437897571963,0.1,0.002961874008178711,0.05703568458557129,0.049774077,0.5662304,19.990860217287022,0.0,0.2585246808881138,0.0,300,0.17356061935424805,0.08003095588988092,0.08772891216127676,112800,14.79714026766206,0.0
376,2.6455447673797607,21.261950946620985,0.8959639964438664,22.151367031749956,20.032545562308403,0.0,0.17934610777580373,0.1,0.002964496612548828,0.05580902099609375,0.049870837,0.9001068,20.11796929022042,0.0,0.28587862399593944,0.0,300,0.19031810760498047,0.04434796549374076,0.02835081655966673,113100,14.791590783641361,0.0
377,2.597888231277466,17.732534650801696,4.077435731247127,22.2241621378903,11.599497941421838,0.0,0.17040023999147075,0.1,0.0028951168060302734,0.048482656478881836,0.050177377,0.62471527,19.87942582627855,0.0,0.23831606963638136,0.0,300,0.16793084144592285,0.08354590067156749,0.08863954405081928,113400,14.78174430095432,0.0
378,2.49501633644104,18.79018548413806,4.440633565570863,23.277197222263425,11.602254856860267,0.0,0.1678435041851586,0.1,0.003003835678100586,0.053665876388549805,0.05009613,0.5057256,19.7705017920645,0.0,0.25240702500933043,0.0,300,0.20840120315551758,0.07935750089397388,0.07682734351032094,113700,18.791568326819117,0.0
379,2.4455559253692627,19.320262748567682,4.73545865966752,23.664108107045514,11.615828918715852,0.0,0.16241592795230425,0.1,0.0031235218048095703,0.05306649208068848,0.04952878,0.6948811,19.725477887714817,0.0,0.25948767923561195,0.0,300,0.2303297519683838,0.08340533075288321,0.08282413362499508,114000,11.598758309285534,0.0
380,2.445103168487549,21.045654233644065,2.3315748824371876,23.384100494687633,17.4181094336786,0.0,0.1746267110072799,0.1,0.004080057144165039,0.060213327407836914,0.04987477,0.9186757,19.85749552230774,0.0,0.2829938703915858,0.0,300,0.1328883171081543,0.0351681994946849,0.02802895591623852,114300,17.79612476431606,0.0
381,2.4386839866638184,20.855474184573637,2.2356850303194293,23.630084037961254,17.41822118186986,0.0,0.16422361194573432,0.1,0.003328084945678711,0.05807185173034668,0.049611904,6.3816805,19.957293388534328,0.0,0.28045902478311513,0.0,300,0.1346745491027832,0.025023253232836287,0.021675722005623923,114600,18.790703009797507,0.0
382,2.4904282093048096,20.044538929633042,4.13837007958162,23.25093503435466,12.938361886094368,0.0,0.1660429590194148,0.1,0.003342866897583008,0.06398749351501465,0.04999958,0.42217138,19.9660179426442,0.0,0.2696454827879802,0.0,300,0.0298612117767334,0.055778514169132244,0.05573725104328056,114900,16.82385109182067,0.0
383,2.571526050567627,19.481782129307394,0.8779094930253462,20.380649511517248,18.42494907028374,0.0,0.1664507464094893,0.1,0.003158092498779297,0.05916476249694824,0.049988378,0.6577963,19.91759436131052,0.0,0.26211500907006385,0.0,300,0.43034791946411133,0.018192064640018168,0.008993324065170435,115200,11.595596877768228,0.0
384,2.5831570625305176,20.723545215754463,1.764345938384979,22.486621295961065,18.285570598826595,0.0,0.1581704781599839,0.1,0.0034303665161132812,0.05819511413574219,0.04953002,1.7535044,19.998189446754914,0.0,0.27870038426492455,0.0,300,1.7373740673065186,0.027564918657693997,0.028834502699617494,115500,11.598758944432163,0.0
385,2.4976768493652344,21.128009561387294,0.9375705572574373,22.464242884753403,19.818896847972226,0.0,0.18104501649473925,0.1,0.005654335021972656,0.05923128128051758,0.0500643,0.90462047,20.111171458218156,0.0,0.28408715112602373,0.0,300,0.08883523941040039,0.024177858652193625,0.015796927094914356,115800,11.598689254043647,0.0
386,2.560211420059204,21.40046965151511,1.0128715371992185,22.547022878433246,19.776366874922825,0.0,0.1916668938821842,0.1,0.002980470657348633,0.060865163803100586,0.050190955,0.54251873,20.240101277547854,0.0,0.28771456086999103,0.0,300,0.12464332580566406,0.01137380431639915,0.011427848115184911,116100,11.598923274375437,0.0
387,2.38390851020813,19.699784772526318,2.1029704666056452,22.05596738754536,16.778558412602926,0.0,0.17115124118127223,0.1,0.003009319305419922,0.05371832847595215,0.050044972,0.8535679,20.1860696270457,0.0,0.26504185150020676,0.0,300,0.05542945861816406,0.05712009108503901,0.04461025861830578,116400,11.598598188600251,0.0
388,2.501192092895508,16.814122611814117,5.177414605934357,22.89898652134408,11.647356539833408,0.0,0.15779766802399028,0.1,0.002907991409301758,0.0568842887878418,0.050236274,0.5035831,19.84887492552254,0.0,0.22557380110034864,0.0,300,0.12876319885253906,0.22045453768021064,0.14286974824339088,116700,15.91806739601634,0.0
389,2.549851179122925,21.54113472042381,1.893052812625248,23.001167156665165,18.335124264415768,0.0,0.1680404408922432,0.1,0.0031380653381347656,0.05785036087036133,0.050077185,0.8236943,20.018100905012666,0.0,0.289518137185052,0.0,300,0.17138886451721191,0.05307715267723051,0.060272005233393815,117000,11.598740967749956,0.0
390,2.620307683944702,17.599929720510175,3.872059125927461,22.373548408773317,11.588024215531417,0.0,0.16611399209801953,0.1,0.0033044815063476562,0.05735182762145996,0.049842883,0.68179226,19.776283786562416,0.0,0.23655424224080288,0.0,300,0.1925652027130127,0.0766414535372077,0.07699877184974853,117300,11.598848326866213,0.0
391,2.6439402103424072,20.605285458351325,0.8986664754528132,21.782350425724374,19.69284120051084,0.0,0.1695942642997265,0.1,0.0030145645141601562,0.057114601135253906,0.05019205,0.8234321,19.859183953741308,0.0,0.27710979126709046,0.0,300,0.08783984184265137,0.02552646950352551,0.015888081506026063,117600,18.837121045467764,0.0
392,2.433493137359619,17.88691954546102,4.0966749424584075,21.944282934335487,11.600541568164981,0.0,0.15729900945708683,0.1,0.002843618392944336,0.05481529235839844,0.050316885,0.663956,19.66195751291328,0.0,0.24037360616928902,0.0,300,0.1552715301513672,0.09841438735293319,0.09358381666650678,117900,17.795940942046013,0.0
393,2.412651777267456,22.25503178557515,0.3374857303693713,22.719892965299668,21.84033097547328,0.0,0.16882200630100563,0.1,0.0027174949645996094,0.05428123474121094,0.050017335,0.8081882,19.921264940179466,0.0,0.2990949154714852,0.0,300,0.1240835189819336,0.03039839447741047,0.017926835114440633,118200,18.78534657240274,0.0
394,2.5008838176727295,16.699791155039993,4.893178417836851,20.534092189344076,8.365289428269104,0.0,0.15931632119404082,0.1,0.0029752254486083984,0.05591177940368652,0.05030647,0.3734096,19.59911756166552,0.0,0.2250472328365423,0.0,300,0.14060354232788086,0.16354065716644933,0.1422272866021782,118500,18.83186650082938,0.0
395,2.6458511352539062,16.854488485642214,5.228448688579136,22.41072025646026,11.628557467173257,0.0,0.15897715328773354,0.1,0.002933502197265625,0.05572319030761719,0.050010193,0.5414488,19.32465465406319,0.0,0.22610905536097944,0.0,300,0.0686798095703125,0.1552552859129184,0.13331402890722344,118800,18.7826017481143,0.0
396,2.6420743465423584,20.24951304495075,5.005654768213959,23.57733165368882,11.610724947806652,0.0,0.16872191887617108,0.1,0.004149913787841797,0.05915260314941406,0.049530152,0.61261845,19.417140493151948,0.0,0.2718778368138501,0.0,300,0.07414579391479492,0.1096268694934403,0.1083917372038085,119100,18.78338830601831,0.0
397,2.517835855484009,18.572332677700622,4.586353382256102,23.555799033870688,11.608661933461912,0.0,0.16521514767739673,0.1,0.0033240318298339844,0.05834698677062988,0.05003512,0.6305788,19.332659711606816,0.0,0.2494900850804656,0.0,300,0.1134340763092041,0.09841539324939748,0.0918585058863739,119400,18.82170976219086,0.0
398,2.5441439151763916,17.218666548808056,5.428015236586777,22.687712918538324,11.481881745912144,0.0,0.16122336172729926,0.1,0.0030345916748046875,0.07149171829223633,0.050088335,0.64987165,19.121260395326942,0.0,0.23147013564510455,0.0,300,0.1938769817352295,0.14817851849191455,0.1491445406431775,119700,19.789032343108342,0.0
399,2.5490458011627197,17.31684645885265,3.4823180425480507,20.42069173006632,11.614043442554634,0.0,0.17166675502516252,0.1,0.0030052661895751953,0.06054329872131348,0.05037925,0.46490723,18.940819001679515,0.0,0.23277553280356877,0.0,300,0.1395106315612793,0.0819565446536163,0.06842627494984041,120000,18.81766875894805,0.0
400,2.611079692840576,22.246193076339125,0.7864855169019589,23.08376685619481,21.261737213254822,0.0,0.17916758493734736,0.1,0.007883310317993164,0.057567596435546875,0.050412305,0.7298989,19.271356409145476,0.0,0.2989341707482476,0.0,300,0.2612581253051758,0.055358521057278495,0.036491687205429266,120300,17.849626837829,0.0
401,2.4616973400115967,21.278255667342407,1.0852400461795737,22.098177837701407,19.438961732705543,0.0,0.17074757750180428,0.1,0.0029141902923583984,0.054984092712402344,0.050116457,1.1085175,19.47204633496517,0.0,0.28609224508731174,0.0,300,0.12027359008789062,0.033261822618548445,0.009019144826242616,120600,18.847521438449967,0.0
402,2.4616777896881104,16.525728899686502,3.5939865964598634,20.344426285987165,11.60593134954505,0.0,0.1703659993718992,0.1,0.002898693084716797,0.05690884590148926,0.04996331,0.84493697,19.177414591437305,0.0,0.22222785746883514,0.0,300,0.16187095642089844,0.22814531944540464,0.17125102252963384,120900,18.79787677319413,0.0
403,2.451738119125366,20.161507395213125,2.0284492213555305,22.028918786491374,16.938062678575097,0.0,0.17901648566421982,0.1,0.003024578094482422,0.060151100158691406,0.049741928,0.69462603,19.275823871814886,0.0,0.2712020311605186,0.0,300,0.042500972747802734,0.018799759674137766,0.028546366266864076,121200,11.599545159791324,0.0
404,2.491527795791626,17.543427752139902,5.941527458618446,23.508012663936988,11.601255099225636,0.0,0.16770963543237577,0.1,0.003368377685546875,0.18277859687805176,0.04983876,0.59273833,19.10258425984739,0.0,0.23529306851118575,0.0,300,0.07050275802612305,0.16628911775328056,0.16214115385777994,121500,16.828145933366866,0.0
405,2.4547712802886963,17.536099839063823,3.880184875568969,21.18759647374895,11.599711892840295,0.0,0.15473840070616376,0.1,0.003139495849609375,0.05715227127075195,0.049965587,0.61135995,18.945935817769033,0.0,0.23569947394886123,0.0,300,0.1672525405883789,0.0712720652822371,0.07141429611820223,121800,17.82979729787437,0.0
406,2.4706995487213135,16.560358095731672,6.153505415736059,22.573546702899023,6.270829337908345,0.0,0.17042410328889107,0.1,0.0030639171600341797,0.056856393814086914,0.04981111,0.54354554,18.7073780455653,0.0,0.22319122481199782,0.0,300,1.4041855335235596,0.16188954967944946,0.15976521604228977,122100,19.84086719507525,0.0
407,2.464040756225586,18.666633634587495,2.331376682752632,22.19015605179762,15.8513338245798,0.0,0.17399579618725838,0.1,0.41819000244140625,0.05584263801574707,0.04983426,1.0319664,18.703303604467518,0.0,0.25119130746651774,0.0,300,0.19692444801330566,0.04690235895630677,0.03901114561126496,122400,20.777995216704333,0.0
408,2.4788873195648193,20.76097659826533,2.069836862890666,22.574871482825774,17.24307241590321,0.0,0.17157401152609925,0.1,0.0029668807983398438,0.05594038963317871,0.05015376,0.85915,18.9090709038473,0.0,0.27915482541977793,0.0,300,0.19493961334228516,0.06210927286484333,0.022718272264939554,122700,20.78367937575757,0.0
409,2.5652501583099365,18.108793247913656,3.856927691536449,21.146912516187093,11.702210414164615,0.0,0.16089442193826972,0.1,0.0030362606048583984,0.05600094795227051,0.049087513,0.46329996,18.829043138253937,0.0,0.24333543717298114,0.0,300,0.3204026222229004,0.07349226267334583,0.09148707736085789,123000,18.774722973498147,0.0
410,2.669534921646118,20.14101755944376,2.6288946857662054,22.274626747854533,15.679244661713495,0.0,0.17583708713210855,0.1,0.003186464309692383,0.0572969913482666,0.050312616,0.5785517,18.960240580372922,0.0,0.27092913492021387,0.0,300,0.13331341743469238,0.05154865556756844,0.038427098339845166,123300,18.787227708875285,0.0
411,2.729314088821411,21.70575727210835,1.0433520608036495,22.543989472630557,19.917544932385763,0.0,0.19173823784525298,0.1,0.0029942989349365234,0.05680418014526367,0.049644392,0.9199301,19.234792249546466,0.0,0.29179149952137484,0.0,300,0.16417717933654785,0.03162992529041397,0.024745255036036938,123600,17.79171222613508,0.0
412,2.5650429725646973,16.633699614703758,4.954305289228171,22.330525186906584,11.606258118979909,0.0,0.15649280499366103,0.1,0.0042629241943359375,0.06226372718811035,0.049743704,0.5773908,18.974682986062195,0.0,0.2232112477779195,0.0,300,0.06647300720214844,0.17839886232731364,0.15719613655765313,123900,20.776549023522602,0.0
413,2.3913934230804443,19.386008010171945,1.4599485914633805,20.575298621661982,16.96250037926197,0.0,0.16873057099523447,0.1,0.0033740997314453125,0.0539708137512207,0.04963779,0.5270786,19.01581548847317,0.0,0.2608642859437615,0.0,300,0.16458630561828613,0.019263694808253844,0.01988124095105938,124200,18.812167826366625,0.0
414,2.3769419193267822,17.333036959319507,4.915621169799062,22.577413261047266,9.382221463317972,0.0,0.16775714360280589,0.1,0.003508329391479492,0.05503249168395996,0.050279785,0.5767811,18.847537635557803,0.0,0.23346955576850364,0.0,300,0.16141772270202637,0.11456083317313097,0.10787198531573983,124500,20.768021266584523,0.0
415,2.6448614597320557,20.560746028781512,2.6229444177658796,23.198938330198164,16.270654173446317,0.0,0.16188181686061628,0.1,0.0033545494079589844,0.06395745277404785,0.050094586,0.8575621,19.018858474880176,0.0,0.27652932232042293,0.0,300,0.07111549377441406,0.05946673528165781,0.04287173825350436,124800,19.798247112350786,0.0
416,2.5581016540527344,16.654720637058862,4.702089321160022,23.398365199201006,11.611575627905642,0.0,0.1741559563978233,0.1,0.003095865249633789,0.06209850311279297,0.05013856,0.61280215,18.782444691098043,0.0,0.22394775205067569,0.0,300,0.1483750343322754,0.1315997993668965,0.13979384905103293,125100,18.805909593308225,0.0
417,2.6272313594818115,20.227209089582296,1.980798407095288,22.291215785701517,17.179525349493503,0.0,0.177475248067786,0.1,0.003124237060546875,0.05937957763671875,0.050153803,0.8442412,18.92692113094647,0.0,0.27206058905631697,0.0,300,0.19996905326843262,0.03654519022939183,0.02860207433677923,125400,18.811990490905394,0.0
418,2.660470962524414,16.159005896860958,4.484087308745632,23.455452982624085,11.63536490125298,0.0,0.15196145213708095,0.1,0.003061056137084961,0.06219005584716797,0.050468944,0.6817239,18.65012960753792,0.0,0.2173257623260902,0.0,300,0.04125022888183594,0.19444388295102058,0.16146099269679282,125700,17.805565928431438,0.0
419,2.772829532623291,16.46325477411113,4.872776274609215,21.899191793404814,11.600572305796776,0.0,0.16871958858585964,0.1,0.003141641616821289,0.17662858963012695,0.050100684,0.465938,18.431442124195243,0.0,0.22089265527628038,0.0,300,0.21246600151062012,0.13437357607018408,0.11468771890411923,126000,17.805627775619374,0.0
420,2.6549408435821533,20.40061940785172,2.2993198764663028,23.967775981731993,17.788785115571535,0.0,0.17301889796478268,0.1,0.003065347671508789,0.0592801570892334,0.049834035,0.84286976,18.62835985256089,0.0,0.273230266433289,0.0,300,0.433377742767334,0.06723978522722726,0.06102664885099092,126300,11.600446342193889,0.0
421,2.6078808307647705,21.257734978225734,1.894955294022761,23.690699672087852,18.370604120060893,0.0,0.18381173088932257,0.1,0.0029561519622802734,0.05422234535217285,0.050294712,0.7726879,18.89129736512738,0.0,0.285823205588525,0.0,300,0.07885336875915527,0.06990426936562154,0.03242166065676173,126600,11.600154902955282,0.0
422,2.483154535293579,18.823040278746706,4.573737394565846,23.65991885851673,11.60163234284812,0.0,0.17801143377735487,0.1,0.0029561519622802734,0.05285978317260742,0.049998876,0.49395183,18.884471656489314,0.0,0.25285868785392335,0.0,300,0.17534279823303223,0.0917028836732172,0.10271231867096665,126900,11.600358707027448,0.0
423,2.534919023513794,19.222484457622866,2.9543881073559,21.40181537838445,14.179607918794398,0.0,0.1633762773777936,0.1,0.0030846595764160156,0.05367565155029297,0.0497075,0.5666511,18.91827293660267,0.0,0.25868384021343627,0.0,300,0.19218015670776367,0.042413952969540515,0.03184948977858134,127200,11.602375255517297,0.0
424,2.4869067668914795,18.585169153551803,4.320478902406289,22.62373413227384,11.632482643572564,0.0,0.17049164146305776,0.1,0.0028841495513916016,0.054163455963134766,0.05054293,0.50972176,18.884962558297584,0.0,0.24968609880175413,0.0,300,0.16827034950256348,0.09721262928347521,0.09128608141672825,127500,11.602129413391795,0.0
425,2.5900111198425293,18.706176343701078,3.9067293464732264,23.016597445562766,12.69307286634602,0.0,0.1721979958771628,0.1,0.0066335201263427734,3.3040857315063477,0.049274378,0.5407731,18.867083936837936,0.0,0.2517907973540322,0.0,300,0.1965188980102539,0.0619835593562848,0.06470098785831889,127800,15.833448950692313,0.0
426,2.7561450004577637,19.670383359831753,2.9370872230776244,22.397202227901005,14.712804837532786,0.0,0.16668387962215608,0.1,0.0031251907348632812,0.05773282051086426,0.049763124,0.7883023,18.94741387913732,0.0,0.26461447509553615,0.0,300,0.1965808868408203,0.05298307482107065,0.042241435823469446,128100,18.807038860073423,0.0
427,2.824735164642334,17.37739691001957,2.4261978534033353,20.56471082611604,14.634545251826706,0.0,0.15341405021503912,0.1,0.0033457279205322266,0.05800676345825195,0.049450435,1.4632108,18.79041218222554,0.0,0.23407678825026068,0.0,300,0.16186118125915527,0.03434280324828979,0.037124509730133565,128400,15.847500365859638,0.0
428,3.224663734436035,20.869856804904963,1.5059294800683303,23.17810369925521,19.517646518138893,0.0,0.18105097316210328,0.1,0.003876209259033203,0.05869650840759277,0.04945684,0.86676747,18.998356644493484,0.0,0.28065128669724243,0.0,300,0.042784690856933594,0.03335341175115292,0.023000445377807776,128700,11.602489203151181,0.0
429,2.367934226989746,19.322907094816376,4.883355559643821,23.68814353330623,11.082386015972366,0.0,0.1582221853964249,0.1,0.0034902095794677734,0.05857229232788086,0.050440393,0.51259065,19.030811689525773,0.0,0.26002191829156807,0.0,300,0.05396604537963867,0.08239359468274432,0.08408132331057491,129000,18.811743494559185,0.0
430,2.4980926513671875,17.076747165813142,2.5734090269858565,19.643301304630672,13.009320117223307,0.0,0.17610377627407936,0.1,0.0034186840057373047,0.0571589469909668,0.05018911,0.47463197,18.83540523715451,0.0,0.2300747025368053,0.0,300,0.07095551490783691,0.12731098545247763,0.06908535521320558,129300,17.87291772314874,0.0
431,2.511758327484131,19.80033718862318,3.5606355678924557,23.01956020865469,13.823665618326302,0.0,0.16768601170499425,0.1,0.003240346908569336,0.15819287300109863,0.04968278,0.69360846,18.93189843230138,0.0,0.26638300985713675,0.0,300,0.16628408432006836,0.05097803820894744,0.062300023087948415,129600,11.602817487446684,0.0
432,2.5554087162017822,20.46493806511436,3.921687130346531,23.450402554045123,13.722366750554233,0.0,0.17044313031487032,0.1,0.0032126903533935547,0.06200051307678223,0.04968574,0.7251531,19.08520239558268,0.0,0.2752312927039258,0.0,300,0.09248900413513184,0.08329178060730365,0.07039144322856404,129900,15.853250090546796,0.0
433,2.539630174636841,20.227444113131988,5.005270996117483,23.667807744886048,11.603324785001403,0.0,0.1668167328399265,0.1,0.0032083988189697266,0.057971954345703125,0.0501207,0.49407837,19.19942656733761,0.0,0.2715823925674762,0.0,300,0.16200780868530273,0.09986048599742706,0.09046954097359863,130200,18.257823065030585,0.0
434,2.7089908123016357,21.077897844722607,2.5040159862148617,23.153085639000423,16.823970276872505,0.0,0.16264186266009362,0.1,0.003242969512939453,0.06052684783935547,0.04984374,1.1958469,19.38727369507611,0.0,0.28342516581843946,0.0,300,0.18355441093444824,0.04110191244131457,0.03544303585944298,130500,17.833261172709886,0.0
435,2.5842742919921875,19.082962052152602,4.400531422461652,22.27390725821986,11.603296590464021,0.0,0.16833994508985592,0.1,0.0029947757720947266,0.06255030632019043,0.050737165,0.38682333,19.356842530783762,0.0,0.2563235271809058,0.0,300,0.17383170127868652,0.10570218499623256,0.08945086034608588,130800,15.028504905144395,0.0
436,2.6658143997192383,19.553380141926866,1.1502527974648082,20.750968709834385,17.82600345273803,0.0,0.17196737181029154,0.1,0.0030930042266845703,0.06002473831176758,0.050106276,0.6330707,19.376496291898075,0.0,0.2630978029009886,0.0,300,0.062188148498535156,0.019819712101004333,0.012474719710038698,131100,12.848601340802473,0.0
437,2.6233596801757812,22.333538145880567,1.4690230443368768,23.58183994167572,19.82876583622094,0.0,0.17761023772520412,0.1,0.002994537353515625,0.09225082397460938,0.04983887,1.035521,19.672200477296325,0.0,0.3001670593480969,0.0,300,0.15903759002685547,0.04624450520957461,0.03537647754359772,131400,14.870785667618156,0.0
438,2.6271419525146484,18.384546899756586,4.242757091569072,22.857849375018812,11.625234166327676,0.0,0.16434796545888866,0.1,0.0037183761596679688,0.05636906623840332,0.049890097,0.4174611,19.54343511954235,0.0,0.24701206221930663,0.0,300,0.2197098731994629,0.0890495915048782,0.09331004849818983,131700,15.841244370308834,0.0
439,2.484476327896118,19.349266495238926,2.3813612360940093,22.058126826805307,15.757433680162555,0.0,0.1830796620778556,0.1,0.0028917789459228516,0.058287620544433594,0.050272543,0.52232397,19.524018257112008,0.0,0.26034243581320593,0.0,300,0.056705474853515625,0.032663854487362295,0.029484166997136962,132000,14.845647175022263,0.0
440,2.505431890487671,18.404803814852862,2.9088971140753843,22.13913485812857,14.040613328606263,0.0,0.16483153366344103,0.1,0.002995014190673828,0.05665302276611328,0.04985731,0.58724326,19.412096812886094,0.0,0.2477802669503546,0.0,300,0.11511516571044922,0.04801372967122832,0.047043355607010506,132300,11.607122139391224,0.0
441,2.608875274658203,21.80392115792082,1.2803699412114897,23.639652837041186,20.186913424568782,0.0,0.16485835087898637,0.1,0.003039121627807617,0.05641961097717285,0.05006226,0.7595823,19.651279247389567,0.0,0.2930605313497757,0.0,300,0.19080233573913574,0.05242365716484286,0.030080710753872014,132600,17.852346950353226,0.0
442,2.566927909851074,20.88512422712317,2.5116440844102588,23.643182216520312,17.856699625041216,0.0,0.16268603360797332,0.1,0.0028755664825439453,0.055963993072509766,0.049518976,0.88373506,19.77466374536293,0.0,0.2808516524031692,0.0,300,0.1644434928894043,0.025038504852486546,0.02694296652955727,132900,15.872078964937915,0.0
443,2.5561697483062744,18.789512407210477,4.556993629383525,22.990959596720298,11.599213743131799,0.0,0.15263183889102283,0.1,0.0029840469360351562,0.05671238899230957,0.04854302,0.4661762,19.676148611547685,0.0,0.2524106133795264,0.0,300,0.06368565559387207,0.12233082143819342,0.09772404890297566,133200,15.878918019364141,0.0
444,2.4417781829833984,20.465412531189127,1.0964537214010368,22.347532850556828,19.659093050472737,0.0,0.17569156230760583,0.1,0.0041048526763916016,0.05975174903869629,0.04984108,0.9518048,19.75507500351183,0.0,0.2752585708782314,0.0,300,1.4663066864013672,0.008905057548186249,0.01572695099116176,133500,19.8275795952612,0.0
445,2.4880850315093994,18.13503748087712,2.3365038818888317,20.643887816257816,14.356606573296185,0.0,0.18037453627677846,0.1,0.0036001205444335938,0.05875658988952637,0.050002016,0.6256603,19.59307125124836,0.0,0.2441870312395249,0.0,300,0.06626319885253906,0.06485580232416305,0.046306166983632456,133800,15.893330833922017,0.0
446,2.5182812213897705,19.94853011310085,1.7795970613172076,22.461552643619065,17.43899568348884,0.0,0.16920161908572043,0.1,0.006463289260864258,0.06286311149597168,0.049682304,0.77611357,19.62861713743361,0.0,0.2683663744774518,0.0,300,0.027881622314453125,0.030134249149568776,0.027225649902481434,134100,16.90178792476555,0.0
447,2.5459401607513428,21.135338133346565,1.8684232660916722,23.141277625745115,18.23137160987737,0.0,0.17609124484842129,0.1,0.003210306167602539,0.06432723999023438,0.050019428,0.8146461,19.779289237024905,0.0,0.28419064799497845,0.0,300,0.04661393165588379,0.0344473795974378,0.02086749290064993,134400,16.942367933409113,0.0
448,2.518079996109009,21.653761080099713,1.3742800869756449,23.610331996880827,19.728564761514452,0.0,0.16627943892358615,0.1,0.0031261444091796875,0.05863142013549805,0.04976223,1.2519678,19.96673642133239,0.0,0.29110350840214394,0.0,300,1.5015881061553955,0.014146835767207076,0.009788114810698665,134700,17.812134359414447,0.0
449,2.3743515014648438,22.20314043408394,0.36390540279293404,22.638264236856525,21.67195398715627,0.0,0.16510271051327402,0.1,0.0028409957885742188,0.054758548736572266,0.050065264,1.0416601,20.190376822607544,0.0,0.29842861091556594,0.0,300,0.058052778244018555,0.009167326948401047,0.006305141226053882,135000,16.871834564919958,0.0
450,2.400355339050293,22.4422319760983,1.4485296959511087,23.434098194368847,19.9506163127023,0.0,0.1795791688173452,0.1,0.003004789352416992,0.056270599365234375,0.049426172,1.0829883,20.41556233795662,0.0,0.30161646741204956,0.0,300,0.07552528381347656,0.014446715156852771,0.012637111696588705,135300,17.893864260962655,0.0
451,2.6130833625793457,19.710384389192,1.303274090658916,21.10991932493387,18.179091284662647,0.0,0.17714057366073793,0.1,0.003911018371582031,0.17272353172302246,0.04997532,0.6945253,20.34504454308016,0.0,0.2651891029471345,0.0,300,0.2160789966583252,0.07252760070587935,0.022918472569059004,135600,17.899853489242954,0.0
452,2.6149818897247314,18.14911674737527,3.867629695013364,21.70749239685126,11.613481377499562,0.0,0.1582570772447068,0.1,0.003076791763305664,0.05888175964355469,0.05011254,0.3989628,20.12545176350967,0.0,0.24387289358701883,0.0,300,0.0436551570892334,0.10375338911457216,0.07595798891647228,135900,18.900497158990216,0.0
453,2.608257293701172,20.67488514088122,2.7369204927394923,23.64604335689325,16.5631197332526,0.0,0.15928257404994078,0.1,0.0031070709228515625,0.05860018730163574,0.04962261,0.9734877,20.180395101246827,0.0,0.2780466806077916,0.0,300,0.043578147888183594,0.07247672578508116,0.0673022470471856,136200,17.86386271161331,0.0
454,2.6887388229370117,20.249690643132872,2.3145498020341018,23.28210686617337,17.316728488565484,0.0,0.1761697063181088,0.1,0.003078460693359375,0.061071157455444336,0.049800362,0.9320708,20.18732465543543,0.0,0.27237984090523937,0.0,300,0.13358306884765625,0.05799636221187057,0.03464552278975905,136500,11.602595101773778,0.0
455,2.645395040512085,20.498010191543113,1.8134675826393778,22.808401344593662,17.85207385888353,0.0,0.18328192017236467,0.1,0.5421538352966309,0.06210660934448242,0.050030265,0.775796,20.218393209046198,0.0,0.27568580336593623,0.0,300,0.21013212203979492,0.01793094671334546,0.021779901585196104,136800,15.872966965739925,0.0
456,2.7273306846618652,19.809494641541498,4.728595948332224,22.812020694103694,11.627430673456667,0.0,0.1567620467850116,0.1,0.002956867218017578,0.057700395584106445,0.050125882,0.6355128,20.17750335229573,0.0,0.26601144157965384,0.0,300,0.08917474746704102,0.10497597903179914,0.0985964946668258,137100,11.603495138090691,0.0
457,2.505831241607666,22.881915314596277,0.6837764541322588,23.66160278303765,21.821351075097596,0.0,0.17132887132990834,0.1,0.002895832061767578,0.05327630043029785,0.050008792,0.82540673,20.447944548525786,0.0,0.3074786818917634,0.0,300,0.0419309139251709,0.016877555063692536,0.011819608870250966,137400,11.744007731412323,0.0
458,2.5148205757141113,19.19210890662062,4.093004810845531,23.26146878197945,12.403396767519016,0.0,0.16723733175785463,0.1,0.0028295516967773438,0.05298805236816406,0.050022434,0.5647334,20.32236098433527,0.0,0.2580787254994365,0.0,300,0.03733062744140625,0.09888839590940185,0.08579291024806558,137700,11.604267381981302,0.0
459,2.4257731437683105,19.960015054785387,2.4020834541522214,21.98181915879513,15.867444383530126,0.0,0.177688567869176,0.1,0.0038900375366210938,0.05593752861022949,0.049661346,0.56126493,20.286126391380282,0.0,0.2685200907861468,0.0,300,0.06671595573425293,0.0287957886830496,0.023605763321243846,138000,11.604029406926633,0.0
460,2.3702445030212402,22.801066747522906,1.1253005025169402,23.697170795362435,20.872025109226982,0.0,0.17139925004793066,0.1,0.003903627395629883,0.05686473846435547,0.050058074,0.7192547,20.537620426994543,0.0,0.305503466114704,0.0,300,0.12361335754394531,0.035917101620693226,0.023565751240598485,138300,11.605454622712683,0.0
461,2.4994993209838867,18.51610502348026,2.399571468445454,20.882061530576912,15.309983911265734,0.0,0.17209209073119494,0.1,0.0033843517303466797,0.05645895004272461,0.050302032,0.5539006,20.335468886643117,0.0,0.24926737579516905,0.0,300,0.11473846435546875,0.052089493602502646,0.050089584429442564,138600,11.603892457967982,0.0
462,2.654895782470703,21.404067511889224,1.1951379832791333,23.01960154448169,20.008903258608534,0.0,0.17219528728173145,0.1,0.0034837722778320312,0.05764269828796387,0.049808856,0.77003783,20.44232874916773,0.0,0.28777226572038184,0.0,300,0.0620572566986084,0.024975979665151308,0.02059566557865291,138900,11.604438687170154,0.0
463,2.5993752479553223,20.78338635952837,0.6438025282588902,21.279627729208634,19.676758426759594,0.0,0.16668599959554845,0.1,0.0064051151275634766,0.060346364974975586,0.04995075,1.199165,20.47643451020379,0.0,0.2794934017269178,0.0,300,1.4428825378417969,0.012479871363401136,0.011665052773280376,139200,14.872400468142187,0.0
464,2.5495622158050537,20.48224709334534,1.994237598116479,22.679724071896285,17.31517216726671,0.0,0.1527525680820299,0.1,0.003170013427734375,0.05955839157104492,0.050086744,0.9211514,20.477015768517948,0.0,0.27548143983959605,0.0,300,0.1351916790008545,0.0214487490443823,0.020288976321834306,139500,11.602930938682102,0.0
465,2.5619781017303467,22.035657392815697,0.6902411063533194,22.621292462322703,20.923111841352,0.0,0.20781035602025077,0.1,0.003195047378540039,0.05968952178955078,0.05020128,0.4785971,20.632879930947723,0.0,0.29619550801517985,0.0,300,0.19340038299560547,0.011171957080371364,0.008731855708158742,139800,11.600893133680072,0.0
466,2.4786570072174072,22.891014931573068,0.6102528691022467,23.441897477377786,21.890781160419163,0.0,0.1611903205136572,0.1,0.002875089645385742,0.056908607482910156,0.049796507,1.5650419,20.85869343101026,0.0,0.30759965857162885,0.0,300,0.08049988746643066,0.009857283259716049,0.0063467923922386985,140100,11.602023425364107,0.0
467,2.5315568447113037,21.194968831967252,1.8240660609693664,22.926693696729128,18.12963369054208,0.0,0.17037128123427733,0.1,0.0030107498168945312,0.05678296089172363,0.050419644,0.567132,20.89232097110596,0.0,0.28497733211011866,0.0,300,0.06899881362915039,0.024647751152319597,0.021076509934783067,140400,18.796706216195652,0.0
468,2.6774866580963135,20.257637183346297,2.8521208256944988,22.159342088746204,15.325216949662437,0.0,0.17497780627948664,0.1,0.0031218528747558594,0.05790305137634277,0.049555484,0.4947963,20.828852592329994,0.0,0.27248496902637004,0.0,300,0.06989717483520508,0.059820239563788805,0.03852983918197149,140700,16.799416281965534,0.0
469,2.7048044204711914,17.634252741226444,4.829133844630263,23.63036079774159,11.599310009055474,0.0,0.16759200371105443,0.1,0.0030241012573242188,0.05859661102294922,0.05010315,0.575269,20.509392607219638,0.0,0.23700421689039658,0.0,300,0.03282785415649414,0.1342195240118845,0.11191712535102284,141000,17.796034107633687,0.0
470,2.662513017654419,20.097552767729365,1.3544622060315086,22.059808867491245,18.254706701274767,0.0,0.16521497026950746,0.1,0.003147602081298828,0.16395115852355957,0.049676735,2.9774687,20.46820862327061,0.0,0.2703536271363707,0.0,300,0.21290802955627441,0.0364798251463013,0.03647268410817326,141300,18.79765797906855,0.0
471,2.652456283569336,21.183900249777665,1.951908828388992,23.147217986097356,18.211398345999743,0.0,0.19337305039492217,0.1,0.003469228744506836,0.058510780334472656,0.050184824,0.69870514,20.539777785921316,0.0,0.28483874354376354,0.0,300,0.09916400909423828,0.042726053512792565,0.02156407555510504,141600,17.80783103127186,0.0
472,2.687636613845825,21.131170242632486,2.07565861955848,22.96748354296931,17.915447939609532,0.0,0.16776380753773334,0.1,0.0073697566986083984,0.05837726593017578,0.05025411,0.6639969,20.598917031592435,0.0,0.2841356638366994,0.0,300,0.06830334663391113,0.019018616531570096,0.01842792740736393,141900,18.8184649895931,0.0
473,2.6705806255340576,19.076402643306338,1.0983606795436043,20.898923330992552,17.966516373218866,0.0,0.1740217803761207,0.1,0.002938508987426758,0.05858469009399414,0.049927842,0.56881857,20.44666559276383,0.0,0.25673865337172974,0.0,300,0.045859575271606445,0.050675074360143096,0.02802207230998896,142200,11.60494065740109,0.0
474,2.52435040473938,20.412026411603513,4.138197225352886,23.425405628952003,13.28252355202803,0.0,0.1629116660866039,0.1,0.0028383731842041016,0.1381971836090088,0.049022187,0.48241684,20.443201674647796,0.0,0.27454688416807277,0.0,300,0.09714412689208984,0.0677781133085317,0.06691262484945747,142500,11.606357757586897,0.0
475,2.599412679672241,22.198490286828875,1.9610010563516307,23.508627525198964,18.80891108131221,0.0,0.17982391895822772,0.1,0.0029120445251464844,0.054589033126831055,0.049651872,0.6420047,20.618730535865904,0.0,0.2983666133255676,0.0,300,0.16017794609069824,0.035443660566453705,0.02296403275169417,142800,15.886387226207,0.0
476,2.5503430366516113,21.01337813098433,0.7195789759325256,21.937824095373475,19.9179209407533,0.0,0.17891471325455777,0.1,0.002819538116455078,0.05366015434265137,0.049728654,0.88861215,20.658195295377745,0.0,0.2825625301661126,0.0,300,0.05524325370788574,0.008870910076569856,0.010200623420854132,143100,18.821999920207166,0.0
477,2.594086170196533,21.74569341155661,2.4870818150800122,23.276379653984538,17.439874059621165,0.0,0.1663708918645542,0.1,0.0029931068420410156,0.056818246841430664,0.04990479,0.9405066,20.76694510699563,0.0,0.29232869248694476,0.0,300,0.035111427307128906,0.020836295023755533,0.020960495712275973,143400,11.516398900162825,0.0
478,2.606574535369873,19.817105680698532,2.2373388877481726,21.963361272718142,16.247220617862478,0.0,0.1815060775003764,0.1,0.0029556751251220703,0.056706905364990234,0.050317753,0.54388136,20.67196116436592,0.0,0.2666146872722532,0.0,300,0.04537200927734375,0.05567761235993114,0.0337374492488015,143700,15.88192631419836,0.0
479,2.510470151901245,17.02689182162021,3.7534378397354327,22.152291761882303,11.60381306585499,0.0,0.1642693276365431,0.1,0.0039386749267578125,0.060036420822143555,0.05040987,0.5325473,20.307454230091352,0.0,0.22890266652381502,0.0,300,0.05955958366394043,0.13152623717440823,0.06940672263578522,144000,18.9010036589414,0.0
480,2.565718173980713,19.048186080530943,2.9379297012656336,22.440461343836848,14.866777845071054,0.0,0.17537605362597772,0.1,0.0034275054931640625,0.05927443504333496,0.050243225,0.641433,20.181527415135314,0.0,0.25636169594473696,0.0,300,0.04066276550292969,0.05566072870107326,0.0704701503109674,144300,17.48586994548222,0.0
481,2.5848817825317383,18.27063470026676,1.249374878725124,19.952661527589648,16.934439318879356,0.0,0.18127628603629212,0.1,0.0033686161041259766,0.05960702896118164,0.04958458,0.75580984,19.990438143648458,0.0,0.24599519654481894,0.0,300,0.03621172904968262,0.024842252040275754,0.01721212365788516,144600,19.832382179650004,0.0
482,2.5793049335479736,19.33376779111529,2.6624471529558513,23.269871891548156,15.911915903410947,0.0,0.18444031110660283,0.1,0.003110647201538086,0.05865335464477539,0.04994866,0.83642626,19.92477110839514,0.0,0.2601699779803681,0.0,300,0.030751466751098633,0.045400153337686724,0.03563534755263226,144900,18.870443021822243,0.0
483,2.693288564682007,20.82702323677553,1.6983770235964188,22.882280889051188,18.18229503330331,0.0,0.16109828588380634,0.1,0.0031168460845947266,0.056929588317871094,0.05010437,1.0344065,20.01499632123318,0.0,0.2800333469215852,0.0,300,0.031155824661254883,0.028939656443615996,0.014562442240750746,145200,11.600931983379752,0.0
484,2.457549810409546,20.227985786149233,2.664989380029173,23.410391501334292,16.26922934370333,0.0,0.15939797548799334,0.1,0.002977609634399414,0.17804956436157227,0.05062146,0.5425626,20.03629526772479,0.0,0.27209276516096303,0.0,300,0.11014199256896973,0.033916733154022126,0.03815006779678282,145500,11.600389346483214,0.0
485,2.516450881958008,17.941770233184016,2.911193210458287,22.68684204337981,15.274945789809431,0.0,0.1666557258765938,0.1,0.0034363269805908203,0.05787467956542969,0.05009732,0.6333354,19.82684276427071,0.0,0.24142088847599058,0.0,300,0.452434778213501,0.11407991562990683,0.058965179476174204,145800,11.600636318952114,0.0
486,2.611255168914795,20.58644464518164,2.1394301324016585,23.312212126447204,17.31329882370644,0.0,0.16949207233604532,0.1,0.003029346466064453,0.06007575988769531,0.04984687,0.8439773,19.902802952361803,0.0,0.27687246427557205,0.0,300,0.1746082305908203,0.02496320874054404,0.036177398145855785,146100,16.833085631113853,0.0
487,2.666022777557373,21.09963326849486,1.4176483719661988,22.904559891797433,19.57222041446402,0.0,0.1782681609800745,0.1,0.0030944347381591797,0.07726550102233887,0.04949641,1.1438578,20.02248598397511,0.0,0.28371359575326216,0.0,300,1.7518677711486816,0.0462610924207116,0.028352555436840406,146400,16.8314443226061,0.0
488,2.6313836574554443,22.010677869575265,0.9473583882087743,22.935126851532583,20.482876663669177,0.0,0.15658886360663973,0.1,0.003027200698852539,0.057944536209106445,0.04963022,1.7714211,20.221305172535125,0.0,0.29548013218681246,0.0,300,0.1461045742034912,0.02498761959291386,0.008856364927461556,146700,14.833969555549112,0.0
489,2.755469799041748,21.352402411419348,2.0142101544558533,23.498638055098727,19.21385122107042,0.0,0.16389633232772133,0.1,0.003048419952392578,0.09029436111450195,0.050494973,0.6372551,20.33441489642355,0.0,0.2870853277893312,0.0,300,0.49929046630859375,0.024545084155782833,0.030978955416686868,147000,18.82062910256721,0.0
490,2.6591796875,19.39651764930922,3.596951445293458,23.026027275249227,13.490256378905379,0.0,0.17531930297593798,0.1,0.002973794937133789,0.0578460693359375,0.04993948,0.4583207,20.240625171712118,0.0,0.2609903508337629,0.0,300,0.1987771987915039,0.12534151670533533,0.0745220838443815,147300,16.870304851097217,0.0
491,2.723388671875,19.78010261434727,4.7304837621033675,22.980672299111582,11.603407029543346,0.0,0.15352676696711393,0.1,0.002998828887939453,0.06174468994140625,0.049972948,0.88475645,20.194572915975634,0.0,0.26561851035163536,0.0,300,0.20974016189575195,0.08035295653420689,0.08742409403797256,147600,14.84821088260882,0.0
492,2.5176069736480713,19.573994167142644,3.0839879597129918,22.97985961386524,14.934997221549699,0.0,0.18382411058359752,0.1,0.0029723644256591797,0.05548667907714844,0.049853552,0.6556128,20.132515041092336,0.0,0.26337327570139707,0.0,300,0.15154194831848145,0.051775373664097166,0.045995682505986304,147900,11.603263015981474,0.0
493,2.5806899070739746,20.737033154083868,2.255454660784404,22.37392132243342,16.850427016378674,0.0,0.17022434478893395,0.1,0.002917766571044922,0.054091453552246094,0.049878772,0.740113,20.19296685239149,0.0,0.2788781390979378,0.0,300,0.10875654220581055,0.03835193421460013,0.026997701666465694,148200,11.600942305634574,0.0
494,2.52843976020813,20.58520003781916,2.156991075553646,23.10779931551307,17.161278062212837,0.0,0.16751146549698742,0.1,0.0029616355895996094,0.06196904182434082,0.049723145,1.1216097,20.232190170934256,0.0,0.2768556496707298,0.0,300,0.40858936309814453,0.02892856196933405,0.027831640523309196,148500,11.604399205713696,0.0
495,2.426927328109741,21.38295196436907,0.6710642195425117,22.441483066016215,20.719155105898473,0.0,0.16605015756119434,0.1,0.003787994384765625,0.06041598320007324,0.049662184,0.7978743,20.34726635027774,0.0,0.28748173826717455,0.0,300,0.1671605110168457,0.010603341460487315,0.009183258223747602,148800,20.00464644223371,0.0
496,2.486757278442383,20.380723602569837,1.2544771503262615,22.226836510512584,19.184427341003563,0.0,0.17520308167289184,0.1,0.0033783912658691406,0.06167292594909668,0.050370466,0.8557506,20.350612075506948,0.0,0.2741254716567048,0.0,300,0.14983630180358887,0.023120394437038783,0.01717886692193498,149100,18.929006373894627,0.0
497,2.481046438217163,20.484823949474936,2.6110992211138777,23.385470299460966,16.583466952650895,0.0,0.15843602215110722,0.1,0.0034186840057373047,0.05728578567504883,0.050697446,0.8537062,20.36403326290375,0.0,0.27551757669242455,0.0,300,0.10791397094726562,0.02686508420245375,0.0264933812374725,149400,15.865209038286332,0.0
498,2.5629467964172363,20.060843684538924,1.3276890641210384,21.71015015296675,18.129135536287542,0.0,0.17302582599328153,0.1,0.003122568130493164,0.058582305908203125,0.0503328,0.9701099,20.333714305067264,0.0,0.2698641345285965,0.0,300,1.1670217514038086,0.01787665145182209,0.017554855490700277,149700,15.064410646639706,0.0
499,2.6043057441711426,18.297742917551794,3.9944334833168993,21.911848932412862,11.609948828848271,0.0,0.16214026223303182,0.1,0.0030984878540039062,0.05896139144897461,0.04990435,0.39855334,20.130117166315717,0.0,0.24585351430095764,0.0,300,0.13576102256774902,0.07412620981121326,0.06945283768038933,150000,18.942852742496292,0.0
500,2.577749252319336,18.813721210160054,3.2285749134475936,22.1936583509911,14.050572427512439,0.0,0.17102122628705008,0.1,0.003126382827758789,0.06216859817504883,0.049488533,0.6272401,19.998477570700153,0.0,0.2532358620165828,0.0,300,0.11873745918273926,0.05336790792164415,0.05197811807695629,150300,11.602655634326458,0.0
501,2.6805827617645264,21.61727066565617,0.8014486206030855,22.405781643630387,20.331950439673193,0.0,0.17206239456086753,0.1,0.003067493438720703,0.058095693588256836,0.049701195,0.8720209,20.160356880195756,0.0,0.2906162840102429,0.0,300,0.11875557899475098,0.04179985851798865,0.019334564236398167,150600,11.604110762400536,0.0
502,2.54521107673645,22.0837778206854,0.30776640833493074,22.52487146940352,21.655126430156848,0.0,0.1751732262115613,0.1,0.08368611335754395,0.06795430183410645,0.04939138,0.8325947,20.35269897424472,0.0,0.2968347495022346,0.0,300,0.13499093055725098,0.018921115241596707,0.0064148689641433075,150900,16.0649518623477,0.0
503,2.4454383850097656,18.27205693829622,2.266378591094784,21.216986100514983,15.047402758070971,0.0,0.16429560700139567,0.1,0.002897024154663086,0.05652213096618652,0.050339773,0.644482,20.144634770649873,0.0,0.24600348948177816,0.0,300,0.5284864902496338,0.11240038592178915,0.06479425026408038,151200,11.60028113506199,0.0
504,2.723703384399414,18.83904476462848,4.745874051348718,23.56532745447013,11.547104356524759,0.0,0.16317837758254863,0.1,0.0034177303314208984,0.07416772842407227,0.049623262,0.5608422,20.014075770047736,0.0,0.25356479030335094,0.0,300,0.26109886169433594,0.1267690875786932,0.09920188828479794,151500,11.60472625400156,0.0
505,2.72046160697937,22.353334171588802,0.6618812522788775,23.201965959240212,21.643700144340198,0.0,0.18018990086061892,0.1,0.002995729446411133,0.0569005012512207,0.050006665,0.7576356,20.248001610201843,0.0,0.3004304056918697,0.0,300,0.2850799560546875,0.054888743023282865,0.04337820547298599,151800,11.602733844396306,0.0
506,2.787944793701172,22.59205738256214,0.5167522912066524,23.200138082393252,21.772937248630022,0.0,0.1820008485539271,0.1,0.0032079219818115234,0.05766868591308594,0.04979054,0.86765593,20.48240718743787,0.0,0.3036141575585072,0.0,300,0.23079848289489746,0.05091935593461482,0.007002665589516605,152100,14.97581711011758,0.0
507,2.840174674987793,17.54031423808118,2.935253187022494,21.68639076095078,14.09220168313796,0.0,0.16557888163747683,0.1,0.0031003952026367188,0.06260061264038086,0.05022103,0.5724023,20.188197892502203,0.0,0.2362564796759419,0.0,300,0.10244917869567871,0.16084769374119665,0.12704531401314242,152400,15.878167427058434,0.0
508,2.8286612033843994,19.830917914392753,2.063816106120893,23.14011293843785,17.61490138214452,0.0,0.16653649707828913,0.1,0.003077983856201172,0.05969071388244629,0.04953507,0.6206377,20.152469894691258,0.0,0.2667970985867441,0.0,300,0.13303542137145996,0.031660506855461915,0.02338890116663806,152700,11.601508172518768,0.0
509,2.758826494216919,18.91011466880616,3.328282820360272,22.613743511598965,15.09316886567165,0.0,0.1599631084662855,0.1,0.003148794174194336,0.055501461029052734,0.050357684,0.59588367,20.028234372102748,0.0,0.25451667564815095,0.0,300,0.2551112174987793,0.045127474941449044,0.05049733254405037,153000,14.02622795673327,0.0
510,2.6059939861297607,21.493267988377507,0.7436609362292131,22.383810208254236,20.34108832522084,0.0,0.1699600688537386,0.1,0.0028104782104492188,0.060328006744384766,0.049540237,0.85926557,20.174737733730225,0.0,0.28896325516870014,0.0,300,0.10352110862731934,0.049584869003292745,0.02331619770304113,153300,18.104041796445276,0.0
511,2.5316836833953857,19.0957361219537,2.649786961873996,22.71406601139397,15.9712015470237,0.0,0.17868546414995892,0.1,0.0034608840942382812,0.05911064147949219,0.049935613,0.67143667,20.066837572552572,0.0,0.2569953884761592,0.0,300,0.11173033714294434,0.046863943588697096,0.05301707246991332,153600,16.851719094841346,0.0
512,2.4682207107543945,22.275246265249073,1.6160347143853189,23.857622204872285,19.58949346191492,0.0,0.17533445893974495,0.1,0.003549814224243164,0.05708622932434082,0.050261244,1.0364729,20.287678441822223,0.0,0.2993897340297059,0.0,300,0.3920867443084717,0.029146554003311773,0.019072628156549126,153900,11.600395864844515,0.0
513,2.5363354682922363,21.39622784870439,1.2979447911195543,22.93393696347727,19.391934792789804,0.0,0.1686666706224012,0.1,0.003835439682006836,0.057788848876953125,0.050433066,0.8037018,20.39853338251044,0.0,0.28755432671162406,0.0,300,0.1817026138305664,0.019818565553159622,0.02161036309022685,154200,17.791412265093516,0.0
514,2.5712597370147705,17.979797665300417,3.964032335330537,21.587610135763878,11.61052899440548,0.0,0.1613564311829763,0.1,0.0032825469970703125,0.06286191940307617,0.05009121,0.48482946,20.15665981078944,0.0,0.24161505534350536,0.0,300,0.0566253662109375,0.14536293809438766,0.08704810375609652,154500,17.90967997234659,0.0
515,2.6117053031921387,19.373793658805894,3.064401268356905,22.74446943825884,15.650924397668263,0.0,0.15710229474117063,0.1,0.003031492233276367,0.057045698165893555,0.049821746,0.67421395,20.078373195591084,0.0,0.2606954364474153,0.0,300,0.12135195732116699,0.037723863118046305,0.04392592546934672,154800,16.80180084002608,0.0
516,2.625552177429199,19.202165560279127,2.379025095862028,22.294654028095007,15.797429154954415,0.0,0.16974806851245436,0.1,0.002939462661743164,0.055490970611572266,0.05003066,0.84572333,19.99075243205989,0.0,0.25841351538985197,0.0,300,0.08263254165649414,0.03767420150800743,0.038195014570437114,155100,17.835398145157875,0.0
517,2.629270553588867,16.248129025448538,4.576756386767865,20.235540151495535,8.856316920237195,0.0,0.1686169341342274,0.1,0.003231048583984375,0.05833840370178223,0.050217204,0.4710928,19.616490091398752,0.0,0.2190100393408868,0.0,300,0.03908729553222656,0.1488266636924443,0.1362679353854406,155400,16.834342925884954,0.0
518,2.4963200092315674,19.41506841275358,2.504874386953375,21.927219947873745,16.083223425829086,0.0,0.16170128636708872,0.1,0.0031385421752929688,0.05565214157104492,0.049997807,0.857705,19.596347923534235,0.0,0.26125392372402845,0.0,300,0.027922391891479492,0.04034766939195188,0.03793603448650377,155700,16.816696044048342,0.0
519,2.549361228942871,17.90693493385728,1.3405755549749205,19.833041526300665,16.636275675816265,0.0,0.1732038501697869,0.1,0.0031108856201171875,0.05454063415527344,0.04900683,1.1166596,19.42740662456654,0.0,0.24114562795011144,0.0,300,0.0860745906829834,0.023797283106123467,0.022851362932667398,156000,17.80688895885462,0.0
520,2.6963608264923096,17.720550863423945,3.95363456834533,21.733397585124948,11.605945989769317,0.0,0.15339494256254596,0.1,0.003128528594970703,0.10822844505310059,0.049568687,0.5645588,19.25672104845228,0.0,0.23815340860940273,0.0,300,0.24722576141357422,0.07855732573460668,0.07745391158121136,156300,17.935902268291894,0.0
521,2.6845593452453613,21.911122615667864,0.7242092514424956,22.74240731968593,20.863890582572335,0.0,0.1672871127135103,0.1,0.003026723861694336,0.07824444770812988,0.049569618,1.2020793,19.52216120517384,0.0,0.2945338659674007,0.0,300,0.08878326416015625,0.05603098758593577,0.02439456212806002,156600,15.78855272933456,0.0
522,2.6970272064208984,20.417282022996677,3.638909184584814,22.599299270000234,14.116894691528636,0.0,0.16779350659738027,0.1,0.14917397499084473,0.058576345443725586,0.049745075,0.56790245,19.611673286956126,0.0,0.27461537465168356,0.0,300,0.14309978485107422,0.04790103007705431,0.04881844155570723,156900,17.812188926848147,0.0
523,2.755770444869995,16.462526930401275,2.3620991337592594,18.846280592566437,13.938976730527786,0.0,0.1682092657815798,0.1,0.0030438899993896484,0.057689666748046875,0.049824562,0.6090579,19.296758651300642,0.0,0.22188633981234698,0.0,300,0.06493663787841797,0.21216843955468503,0.08510008023703282,157200,13.749007548572102,0.0
524,2.6826891899108887,20.66369361916237,2.0392529425019954,22.83095197155301,17.370711947597716,0.0,0.16474521690673288,0.1,0.002936840057373047,0.1792891025543213,0.05015996,0.9718095,19.433452148086815,0.0,0.2778966290236259,0.0,300,0.15190672874450684,0.02541070578697029,0.043096578686961116,157500,15.770688888657821,0.0
525,2.7466518878936768,20.225032405901448,0.5165444093591444,20.92644473005236,19.652689660240643,0.0,0.16988091473940703,0.1,0.002954721450805664,0.05834555625915527,0.04964219,0.92276376,19.51261017386828,0.0,0.27205350959062646,0.0,300,0.20189428329467773,0.02095580545011173,0.009123241693929592,157800,14.780048171689167,0.0
526,2.6136722564697266,19.589506376823937,4.764598511766535,23.54048041758414,11.603512364350053,0.0,0.15806719675512967,0.1,0.0027964115142822266,0.05389714241027832,0.04950292,0.53878593,19.520299794163847,0.0,0.26305326774748383,0.0,300,0.04309272766113281,0.08746842714923594,0.08643092461372195,158100,12.788543936511557,0.0
527,3.0754222869873047,20.41546614424186,2.270832798037002,22.01893740714493,16.496413279761025,0.0,0.16032923609156557,0.1,0.0034542083740234375,0.059647321701049805,0.04986431,1.3937702,19.609816429171648,0.0,0.27452200474007266,0.0,300,0.06647419929504395,0.03312651279171732,0.02841512273062081,158400,12.818731679637105,0.0
528,2.5251808166503906,19.198155428198252,3.846699841438746,21.7876017054117,12.548730262062682,0.0,0.16478853703457877,0.1,0.0036232471466064453,0.05857968330383301,0.050218645,0.45542347,19.56865032907431,0.0,0.2583418707448797,0.0,300,0.030281543731689453,0.08767340901664698,0.07724626438198257,158700,15.785878162743336,0.0
529,2.559934139251709,22.373281268398134,0.5698843987605485,23.254205941105656,21.810185301862248,0.0,0.17779098762617676,0.1,0.003988742828369141,0.06029534339904785,0.049855724,0.8960847,19.849113423006692,0.0,0.30059498695465664,0.0,300,0.07397031784057617,0.024648059651878003,0.021882406459003766,159000,16.81382181433008,0.0
530,2.5634639263153076,21.62904380560828,1.1086805182150492,22.966153215164006,19.890390734440658,0.0,0.17118510238339288,0.1,0.0034787654876708984,0.058116912841796875,0.04979183,1.0445929,20.02710646126685,0.0,0.2907738420960184,0.0,300,0.11831331253051758,0.019205340182725232,0.014699636449711824,159300,12.793887199165168,0.0
531,2.5560545921325684,20.607016859623393,1.9449903343091957,23.089150286902175,17.709583165368898,0.0,0.17555360851837346,0.1,0.0031828880310058594,0.05800580978393555,0.050081696,0.5870418,20.085097501102506,0.0,0.2771468425648732,0.0,300,0.030406951904296875,0.030137839217606884,0.03061225166673188,159600,15.822378099390571,0.0
532,2.5467867851257324,16.419444288630174,5.024671993860413,21.689559414414465,11.167262542537875,0.0,0.15339706815108145,0.1,0.003077268600463867,0.05820322036743164,0.050366096,0.493479,19.718532179855274,0.0,0.22081011560407982,0.0,300,0.04225945472717285,0.2540599623570611,0.15508531430759373,159900,11.691201779345315,0.0
533,2.5926482677459717,21.25207015618077,0.9621240362457497,22.191646589989862,19.650633637210934,0.0,0.16985931191794668,0.1,0.003095388412475586,0.057605743408203125,0.049874905,0.8337855,19.871885977487825,0.0,0.28574724296189963,0.0,300,0.1980581283569336,0.02264774976688122,0.03742659045109612,160200,11.598967108544601,0.0
534,2.629380226135254,16.613668633838838,3.9535523920506783,22.79318725773674,12.078070216948802,0.0,0.16144494618510347,0.1,0.0030040740966796875,0.05636858940124512,0.049827643,0.83228874,19.546064243122924,0.0,0.22390090004052332,0.0,300,0.3930528163909912,0.11045138277647161,0.09960247512754819,160500,17.788401971623976,0.0
535,2.699840545654297,21.141163927945524,0.6694240343665822,21.67588706518762,19.99544043597339,0.0,0.17433726801716107,0.1,0.003055572509765625,0.05850362777709961,0.049992625,0.7102315,19.705574211605185,0.0,0.28423261821859447,0.0,300,0.1831049919128418,0.04713788684561205,0.028907943433909306,160800,16.826025383373665,0.0
536,2.7198121547698975,20.449980262112398,2.2870139903018587,23.123599594749447,16.807389203806665,0.0,0.1543648099193332,0.1,0.0031375885009765625,0.05867576599121094,0.049184944,1.0294772,19.780014816655907,0.0,0.2750391398988946,0.0,300,0.1617894172668457,0.029017193213467553,0.018327130952844602,161100,14.76691005018352,0.0
537,2.697554349899292,21.210267766884755,1.502110775084651,23.306032904856306,19.091718662019872,0.0,0.1726750638886185,0.1,0.0032393932342529297,0.05794668197631836,0.049932845,0.9080963,19.92304011167879,0.0,0.28518957857600336,0.0,300,0.07111835479736328,0.011640755947348931,0.01328498257108863,161400,11.764803667985563,0.0
538,2.612241506576538,19.67294942892868,3.217694514885625,22.73246437449526,14.999483809057455,0.0,0.16182264547205075,0.1,0.002858400344848633,0.056668758392333984,0.04971696,1.4435523,19.89803104340378,0.0,0.2646820875927455,0.0,300,0.024854660034179688,0.0708498946744453,0.05237044249332726,161700,13.795680459243878,0.0
539,2.6044366359710693,21.309212020873094,1.3317551411393658,22.844191996481097,19.6823738192292,0.0,0.1815065051975688,0.1,0.0028302669525146484,0.052870750427246094,0.049990688,0.7847622,20.03914914115071,0.0,0.28650841449890874,0.0,300,0.09653520584106445,0.008802751930789,0.013476163290418921,162000,19.688065510777868,0.0
540,2.688321590423584,21.480772900690468,1.7004730007337754,23.43533619131695,18.8025558370293,0.0,0.16844388881959427,0.1,0.003134012222290039,0.05671191215515137,0.04982505,0.8752335,20.183311517104684,0.0,0.2887961734839008,0.0,300,0.31215953826904297,0.020067033552062935,0.01608790852285086,162300,14.781299000488707,0.0
541,2.778817892074585,19.230531040953615,2.0836391992110266,20.769394108365567,15.65298836637308,0.0,0.1645525200886889,0.1,0.0031571388244628906,0.05727672576904297,0.050209064,0.41222775,20.08803346948958,0.0,0.2586525562792173,0.0,300,0.15857839584350586,0.029384674727464935,0.026794991611812185,162600,15.716750294478233,0.0
542,2.767836093902588,21.284049410489196,0.5504186422092966,22.178425154524856,20.779599625541213,0.0,0.1621679832534062,0.1,0.003016233444213867,0.0565495491027832,0.049485974,0.95484823,20.207635063589542,0.0,0.2861593190157556,0.0,300,0.23263835906982422,0.009341316663878404,0.007554360282532852,162900,18.76861417879937,0.0
543,2.663867235183716,19.124570737589213,3.256475712562909,22.006311782261303,13.599376266580318,0.0,0.16938958398776116,0.1,0.003757476806640625,0.0621335506439209,0.050399672,0.44230157,20.09932863098951,0.0,0.2573751352896723,0.0,300,0.09194087982177734,0.05024264556535511,0.0466866992520449,163200,14.770501401918636,0.0
544,2.6761372089385986,20.679598824693848,2.628563545256883,23.239958538556866,16.809267674259605,0.0,0.17365028652921652,0.1,0.0035271644592285156,0.05863618850708008,0.05001304,0.66856855,20.157355650359946,0.0,0.27811287280662866,0.0,300,0.16874217987060547,0.03455020012220095,0.03500936452767548,163500,16.990138076253313,0.0
545,2.663604497909546,21.455655058901186,1.0167774856382379,22.55577926112607,20.3768766869842,0.0,0.17329750751588724,0.1,0.003547191619873047,0.059992313385009766,0.049833953,1.1466484,20.287185591214072,0.0,0.28845569227083895,0.0,300,0.056466102600097656,0.013631957383291716,0.008896832107478625,163800,15.798045787785268,0.0
546,2.7076241970062256,21.335039939274875,2.090395858175502,22.97818579750077,17.834393252042684,0.0,0.16541534245405345,0.1,0.003289937973022461,0.05666708946228027,0.04945496,0.92172915,20.39197102602015,0.0,0.2868522710678779,0.0,300,0.05408906936645508,0.02278665058575153,0.01735051172359345,164100,12.793674793862436,0.0
547,2.530916690826416,20.473801695392762,1.7267515359993608,22.232583169194136,17.96465220908857,0.0,0.16200351223826928,0.1,0.003090381622314453,0.05626177787780762,0.05011737,0.6441899,20.400154092957415,0.0,0.27537025647275415,0.0,300,0.1338942050933838,0.015526964603808575,0.015386253932468556,164400,18.77983710920936,0.0
548,2.602043628692627,18.653644634727073,4.192697909656349,22.130701954192865,11.60166545635231,0.0,0.16088741159353465,0.1,0.003072500228881836,0.055211544036865234,0.04994859,0.5163275,20.225503147134383,0.0,0.2505940002047984,0.0,300,0.27575111389160156,0.1077220457084382,0.07382892275181356,164700,18.813208592108698,0.0
549,2.6173882484436035,21.20929760609013,1.7018044593500512,23.256444025315826,19.287213627081602,0.0,0.16094498610654562,0.1,0.003005504608154297,0.20057988166809082,0.04967691,1.1721884,20.323882593029957,0.0,0.2849339868690522,0.0,300,0.06569075584411621,0.027235234352695932,0.031981566554669216,165000,19.78858372664765,0.0
550,2.6553258895874023,21.375576121598915,2.461863207732965,23.59612068053394,17.26731387442586,0.0,0.1699339078030246,0.1,0.006453990936279297,0.23889780044555664,0.050275713,0.74645466,20.429051945886854,0.0,0.2873941575882526,0.0,300,0.6429803371429443,0.03975010022898873,0.027745616304002414,165300,18.786354645957637,0.0
551,2.707566499710083,18.223206922800543,2.416042008844956,20.88166492403412,14.360877949588653,0.0,0.15910776333084123,0.1,0.003036022186279297,0.05661964416503906,0.05028629,0.516539,20.208467443578225,0.0,0.24536273183639196,0.0,300,0.23128724098205566,0.051742542004642074,0.0447804628129474,165600,16.821080312649173,0.0
552,2.581768274307251,22.045978807292038,1.398468658304719,23.351316498571418,19.704267430891722,0.0,0.16516074250885154,0.1,0.00293731689453125,0.054111480712890625,0.050076112,0.99616325,20.392218579949606,0.0,0.296329420552247,0.0,300,0.025249958038330078,0.02051010324215971,0.01799510324680751,165900,17.932150652809746,0.0
553,2.55823016166687,21.166294056704007,0.8407942925637931,21.88134392039828,19.740427172415416,0.0,0.17437287907242233,0.1,0.5569067001342773,1.3206052780151367,0.050334238,0.867182,20.469626127625048,0.0,0.28460392340396146,0.0,300,0.08074736595153809,0.010301686244815518,0.008346181524509569,166200,19.790279284816993,0.0
554,2.75174617767334,19.557353412861712,1.8303132268554638,21.831993890634745,17.281977595702944,0.0,0.16114861851731618,0.1,0.0030548572540283203,0.05704951286315918,0.050035845,0.644229,20.378398856148717,0.0,0.26315133190633466,0.0,300,0.15328645706176758,0.02447853672486565,0.01737297772427422,166500,19.793279151784677,0.0
555,2.730412483215332,19.763448869248137,2.317150110063406,23.61100649847697,17.42443733211126,0.0,0.16916826895082832,0.1,0.0029888153076171875,0.057611703872680664,0.049778976,0.9509011,20.31690385745866,0.0,0.2658982971089508,0.0,300,0.10667204856872559,0.02818076944128261,0.02180129457389966,166800,18.791159437116914,0.0
556,2.7813079357147217,20.54993534051798,0.653783919651001,21.526163185638254,19.753845224258257,0.0,0.17565292779351385,0.1,0.0031735897064208984,0.05685710906982422,0.049556755,1.005051,20.34020700576459,0.0,0.27638556272083376,0.0,300,0.19793272018432617,0.01477252958457331,0.015008690661761038,167100,11.800636147095332,0.0
557,2.622215986251831,17.67896864097282,3.4743442042315698,22.320409647981887,12.54152761196817,0.0,0.1634841279507819,0.1,0.003736734390258789,0.06595158576965332,0.04974947,0.48196223,20.074083169285412,0.0,0.23810574039148763,0.0,300,0.1861114501953125,0.06798874006955846,0.06385083592661651,167400,18.788897066108206,0.0
558,2.698291778564453,19.790719574551705,2.1843070753915623,22.772104228470248,16.603056309822218,0.0,0.1593429080126383,0.1,0.003727436065673828,0.0628812313079834,0.049411103,1.445898,20.045746809812044,0.0,0.2662627740667326,0.0,300,0.04093480110168457,0.020417741392357434,0.021122161237689105,167700,17.790912259402006,0.0
559,2.7075247764587402,21.974369162457567,1.349215921209945,23.36693719703527,19.76437210775837,0.0,0.16146007245384805,0.1,0.0032758712768554688,0.059319496154785156,0.049800254,0.9107172,20.238609045076597,0.0,0.2953770727736863,0.0,300,0.12341904640197754,0.03862454937892085,0.016562604395855617,168000,19.76698960313604,0.0
560,2.723515033721924,21.05758334141675,1.624660330794838,23.176123046512007,18.92908677751748,0.0,0.1611190085997477,0.1,0.003040313720703125,0.05689549446105957,0.050215952,1.061443,20.320506474710612,0.0,0.28315364402977183,0.0,300,0.02622699737548828,0.011340232370054852,0.013401591539680097,168300,18.813816671708683,0.0
561,2.6542139053344727,20.239509568243477,1.509794212945429,22.0545993554474,18.12936178724287,0.0,0.16191237564723843,0.1,0.003057241439819336,0.05596518516540527,0.049923062,0.5664363,20.3124067840639,0.0,0.27223175864125065,0.0,300,0.04487919807434082,0.030318787608940172,0.017651981637808664,168600,16.782508867575896,0.0
562,2.5850985050201416,19.466049660828617,2.1570370098806695,21.385497108745,16.067020421544395,0.0,0.17201432653219967,0.1,0.003024578094482422,0.05913734436035156,0.05010864,0.4372083,20.22777107174037,0.0,0.2619322882766115,0.0,300,0.11305832862854004,0.038840656786368055,0.021214080347491383,168900,18.78458488016483,0.0
563,2.555406332015991,18.74060071100304,1.4858105113586955,19.8429370354312,16.201065571499058,0.0,0.1706771031794559,0.1,0.003131389617919922,0.06004619598388672,0.050055496,0.62296575,20.079054035666637,0.0,0.2522476369111216,0.0,300,0.19791221618652344,0.02005424810776873,0.016716605814644625,169200,17.797082162412377,0.0
564,2.5698354244232178,16.435449969546724,4.8352893662913505,21.739563091376862,11.60054706419646,0.0,0.16638672069227264,0.1,0.0033485889434814453,0.05875253677368164,0.049535736,0.5107481,19.714693629054647,0.0,0.22052226534062724,0.0,300,0.2790665626525879,0.14325667057102856,0.13089504567041924,169500,18.790162476330554,0.0
565,2.6034765243530273,19.07883870139564,4.3216431132682285,21.762061577786902,11.604186053296385,0.0,0.16713550417591447,0.1,0.003076791763305664,0.05665707588195801,0.050445568,0.5238826,19.651108136288748,0.0,0.25626872240462206,0.0,300,0.24432826042175293,0.09796807624817672,0.09486890212563041,169800,18.78973710209119,0.0
566,2.6389076709747314,20.238275222018473,2.1084749380508425,22.91216425252635,17.65244479269987,0.0,0.1610534879508793,0.1,0.0033545494079589844,0.055616140365600586,0.050358493,0.9218947,19.70982484486172,0.0,0.27219127720908826,0.0,300,0.32312798500061035,0.05777671260613663,0.0261786528240029,170100,19.78637412658593,0.0
567,2.674952268600464,20.59698267829212,0.8354493851036923,21.92468040056425,19.62696894669623,0.0,0.1796747707363703,0.1,0.0030770301818847656,0.06043386459350586,0.049346462,0.8605178,19.798540628204762,0.0,0.2770026159966218,0.0,300,0.039269208908081055,0.022583535420538904,0.011366295373303161,170400,17.788635558214906,0.0
568,2.742774486541748,18.130182508441358,4.127475405780885,22.091652532835855,11.608274071180624,0.0,0.15537970492452857,0.1,0.00299835205078125,0.061576128005981445,0.050142907,0.45069778,19.63170481622842,0.0,0.24343032532675168,0.0,300,0.06839346885681152,0.11158950166542822,0.10363226030959327,170700,17.7866698045946,0.0
569,2.6444172859191895,20.28189022550731,2.188678234797448,22.808149954405255,17.527328928667664,0.0,0.1756599767880076,0.1,0.003609180450439453,0.05592155456542969,0.050267898,0.57022846,19.69672335715631,0.0,0.2728116777937719,0.0,300,0.21404671669006348,0.03429154909876875,0.03471258417889768,171000,17.81373095684186,0.0
570,2.809424638748169,22.8923282591493,0.26970436754308674,23.110584612819142,22.433494424711075,0.0,0.16388369590752566,0.1,0.0031859874725341797,0.056118011474609375,0.049732648,1.2102152,20.01628384735561,0.0,0.30761682210054075,0.0,300,0.16694402694702148,0.03443179018128175,0.016642558669527897,171300,18.791363817464468,0.0
571,2.7921738624572754,16.26208783704117,4.70357684519068,21.847175816600846,11.600472538530113,0.0,0.1602675445703702,0.1,0.003904104232788086,0.06097602844238281,0.049946126,0.70555496,19.640864246324167,0.0,0.21820635824257995,0.0,300,0.10821199417114258,0.22138842898138067,0.1839299502675343,171600,17.797673972269767,0.0
572,2.7006375789642334,17.46367154360095,3.08130003822308,22.398208678735518,13.903092969399408,0.0,0.17415319843192748,0.1,0.0036630630493164062,0.058576107025146484,0.05016901,0.6688474,19.423144976051844,0.0,0.23523513667478166,0.0,300,0.16793560981750488,0.07321112524806751,0.047771310994532135,171900,18.790728809054936,0.0
573,2.7693827152252197,18.994992611933665,3.3822035545463525,22.983504206379546,13.712831491539701,0.0,0.16385331329485986,0.1,0.003603696823120117,0.05673861503601074,0.0501273,0.7636713,19.380329739640025,0.0,0.25565219116880067,0.0,300,0.16215181350708008,0.06065656790889816,0.06529064449074304,172200,18.806355609527365,0.0
574,2.679271697998047,21.064730893097384,1.2177854843184748,23.07862411360249,19.84942724957318,0.0,0.16497543285197097,0.1,0.003206968307495117,0.05748581886291504,0.050099395,0.9188349,19.54876985498576,0.0,0.28324905414383494,0.0,300,0.03594183921813965,0.06489109033676195,0.02151292494458138,172500,18.820855900436868,0.0
575,2.5906219482421875,18.781241097987643,4.706001902374867,23.527403175640554,11.60947398287903,0.0,0.16888678976992447,0.1,0.008383989334106445,0.05710244178771973,0.049492795,0.49269307,19.47201697928595,0.0,0.2523006482055165,0.0,300,0.18511080741882324,0.08931607802072984,0.10028062391627476,172800,17.802270887588417,0.0
576,2.7962465286254883,20.52592957152845,1.638650350973405,22.733433776715586,18.175928354099803,0.0,0.16390453077144562,0.1,0.00328826904296875,0.06302738189697266,0.050567627,1.5331838,19.577408238510202,0.0,0.276040004813183,0.0,300,0.5346376895904541,0.016225166013023394,0.015846066820644353,173100,18.782496141567368,0.0
577,2.880858898162842,21.143171376996253,0.869817947499541,22.121459362346442,20.197654969539233,0.0,0.1623630211990517,0.1,0.003106832504272461,0.05844593048095703,0.049599707,0.6013378,19.73398455235881,0.0,0.28429519580479173,0.0,300,0.05537152290344238,0.00838160890674293,0.007465137963334423,173400,18.801291059546408,0.0
578,2.7964789867401123,19.35664817083549,2.3850236277779113,23.02197052989555,16.828946448565773,0.0,0.15993617590483852,0.1,0.0036957263946533203,0.0600275993347168,0.049799163,0.7958997,19.696250914206477,0.0,0.2604752465658189,0.0,300,0.04678964614868164,0.03243829797573363,0.024852300020058993,173700,18.787220375485266,0.0
579,2.8484859466552734,16.639958666663084,3.815694752192861,23.059511892151637,13.139657971316488,0.0,0.16647794934084312,0.1,0.0030519962310791016,0.06476569175720215,0.049686614,0.49154404,19.39062168945214,0.0,0.22425023051854057,0.0,300,0.029691219329833984,0.1316399866188113,0.08388219594855484,174000,17.81699527509206,0.0
580,2.8411741256713867,20.29865924075033,4.09099473958668,23.594359558544824,13.300776115495022,0.0,0.1594087717750633,0.1,0.003124713897705078,0.05890917778015137,0.050211072,0.55194396,19.48142544458196,0.0,0.2730103861319502,0.0,300,1.4496006965637207,0.06713057709297249,0.07237490816545801,174300,19.791102733185202,0.0
581,2.890974521636963,22.43367190379824,0.8346206459826269,23.58021299860771,21.450386947642908,0.0,0.16722301485635385,0.1,0.0030477046966552734,0.05797386169433594,0.049641214,0.8308587,19.776650090503587,0.0,0.30150204289613197,0.0,300,0.055212974548339844,0.0614114599491413,0.016058874789046232,174600,17.81938251846345,0.0
582,2.660651922225952,18.355055297138065,2.386650401194756,21.168953586665054,14.562761232251031,0.0,0.16776773085053096,0.1,0.003662109375,0.055611610412597656,0.049877495,0.61686224,19.634490611167035,0.0,0.24712062843834892,0.0,300,0.05444455146789551,0.039542315044577656,0.06082550529820926,174900,18.793696762284917,0.0
583,2.6987876892089844,21.076385621947086,1.6007477659195828,23.43311831135889,19.082955447141472,0.0,0.1768820036614132,0.1,0.002877473831176758,0.05936741828918457,0.050328206,0.78238744,19.77868011224504,0.0,0.28340510000653446,0.0,300,1.479499101638794,0.012352945909421915,0.012084909157505297,175200,17.802298613862753,0.0
584,2.759225368499756,21.69085748613447,1.7526177790868451,23.785775407364973,19.11650163190517,0.0,0.16882637144698287,0.1,0.0030088424682617188,0.06249284744262695,0.049580555,0.8358274,19.969897849633984,0.0,0.29156682689658514,0.0,300,0.04345560073852539,0.01553650286928341,0.014707813614572842,175500,19.793644833432634,0.0
585,2.7229504585266113,20.274394523666864,1.4394421184617952,21.989667601084125,18.721008339803376,0.0,0.16229440220624078,0.1,0.003054380416870117,0.05801749229431152,0.050058845,0.539687,20.000347517037273,0.0,0.27271192655127463,0.0,300,0.12377214431762695,0.01694886343108787,0.013248085219018563,175800,19.792492942811972,0.0
586,2.7132763862609863,21.469086669785064,2.1349447804876243,23.24978613509862,18.01627083586858,0.0,0.17280769061119783,0.1,0.0029821395874023438,0.059743404388427734,0.04967614,0.6450061,20.147221432312055,0.0,0.2886410119643625,0.0,300,0.04180479049682617,0.016223113994795473,0.01724786716959246,176100,19.793529657299562,0.0
587,2.6774187088012695,21.40516069494689,1.562177505741079,23.17923663587078,18.965782951377903,0.0,0.1739054039271799,0.1,0.003564119338989258,0.05951046943664551,0.0498037,0.6496972,20.27301535857554,0.0,0.28778200214485017,0.0,300,1.2447335720062256,0.013545540443627904,0.0111634300839307,176400,19.779162746397468,0.0
588,2.7463743686676025,21.435538351358034,2.0164850728008634,23.334938828805928,18.126451881149915,0.0,0.16564362598092675,0.1,0.0030791759490966797,0.05881237983703613,0.050332528,0.6980951,20.389267657853793,0.0,0.2881921610322822,0.0,300,0.0903482437133789,0.018032044100459613,0.017155991712673374,176700,17.778815416332044,0.0
589,2.788918972015381,22.44458772459901,0.5933551097136698,23.25817254388146,21.613491815898843,0.0,0.17808891584724368,0.1,0.0029113292694091797,0.05583357810974121,0.049403146,0.8190684,20.594799664528313,0.0,0.30161502368883175,0.0,300,0.10656070709228516,0.004807541527721228,0.0031316887137110023,177000,19.781906209576565,0.0
590,2.697920799255371,17.833074383938925,3.9761850369597367,22.580880976838426,11.967794885805302,0.0,0.16301590279180045,0.1,0.002950906753540039,0.05923104286193848,0.04959661,0.6000338,20.318627136469374,0.0,0.23962780535168526,0.0,300,0.026187658309936523,0.17648655040410408,0.09988027419045298,177300,19.749316643150344,0.0
591,2.905327081680298,21.352862047896274,1.4006610968092066,23.7592255032449,20.2633312880514,0.0,0.16570481759215308,0.1,0.002984285354614258,0.06257033348083496,0.04987764,1.0811975,20.422050627612062,0.0,0.28709106033961024,0.0,300,0.042001962661743164,0.011396949014701384,0.029015679234257116,177600,20.764672097318535,0.0
592,2.880133628845215,22.36749004123734,0.47293817322576476,22.798878791968026,21.581941957682183,0.0,0.1673929583501624,0.1,0.0031006336212158203,0.05738210678100586,0.050099276,1.2152778,20.61659456897459,0.0,0.30060771639040873,0.0,300,0.0738823413848877,0.04272063058231548,0.01721636963041238,177900,19.780968785684415,0.0
593,2.804506301879883,22.420955989451965,0.3756119261824641,22.703528356652306,21.779394664855527,0.0,0.1733792935402695,0.1,0.556340217590332,7.302031517028809,0.050475143,0.8278862,20.79703071102233,0.0,0.3013326453237407,0.0,300,0.05524301528930664,0.015266816518414805,0.0062392178320691515,178200,19.778499712234066,0.0
594,2.6787872314453125,18.061375895988768,1.8030383548978794,20.266761292424906,15.90148445586823,0.0,0.1691547024701731,0.1,0.002884387969970703,0.05376935005187988,0.04961967,0.5410509,20.523465229518973,0.0,0.24320498821587067,0.0,300,0.10237407684326172,0.11555877255934581,0.05893890842463319,178500,16.76963116612985,0.0
595,2.7782604694366455,14.71780980779049,3.6802681918089637,20.634892765585256,11.612299368356382,0.0,0.1596537104773795,0.1,0.003538370132446289,0.05610489845275879,0.050204765,0.5961989,19.942899687346124,0.0,0.19761336866536272,0.0,300,0.44605255126953125,0.3986189807763996,0.13593099872186526,178800,17.771073199111704,0.0
596,2.751268148422241,20.55151375471727,2.151263948062431,22.15485238902262,16.846681097969974,0.0,0.1578929132270543,0.1,0.002932310104370117,0.056847333908081055,0.04991681,0.7887316,20.003761094083238,0.0,0.27640688633283705,0.0,300,0.5429708957672119,0.07860478611573056,0.11542938957443948,179100,17.816197152540703,0.0
597,2.7998056411743164,21.271108666305533,0.34509419411047515,21.717668830324847,20.77399664481449,0.0,0.1685773719213251,0.1,0.0030574798583984375,0.05617403984069824,0.04973245,0.7794995,20.13049585130547,0.0,0.28600097029193516,0.0,300,0.04553699493408203,0.11717349306179935,0.045916088759837534,179400,19.78296313287391,0.0
598,2.766369342803955,18.76125675734774,2.715450231694781,20.70445737587828,14.081188968551992,0.0,0.16421868084114197,0.1,0.002994060516357422,0.0568850040435791,0.050154332,1.0168955,19.993571941909696,0.0,0.25253584975432936,0.0,300,0.04125714302062988,0.039458950401931835,0.04739017746315023,179700,19.77965050871236,0.0
599,2.7315783500671387,16.759498560935278,3.3190127216901852,20.76488415623928,11.60701846079278,0.0,0.1588619363202018,0.1,0.002925395965576172,0.05781722068786621,0.050287526,0.4399737,19.670164603812253,0.0,0.22521107444285512,0.0,300,0.10793828964233398,0.10403156144280142,0.08644613030942418,180000,15.781206674175367,0.0
600,2.725529432296753,21.554511678820045,1.1199420092450325,22.75267949527073,20.153785327357202,0.0,0.1776355299746062,0.1,0.003015279769897461,0.0591130256652832,0.05037168,0.7094117,19.858599311313036,0.0,0.28977787856449,0.0,300,0.042737722396850586,0.0203892325379135,0.021560664635049985,180300,19.76607594038968,0.0
601,2.7767910957336426,22.188318033435355,0.9206674449278217,23.46667257028547,20.904039192363538,0.0,0.16525954987065175,0.1,0.0031702518463134766,0.05614447593688965,0.049903236,1.1218296,20.091571183525268,0.0,0.29816734027768166,0.0,300,0.04351043701171875,0.02546569462898844,0.00841176282072264,180600,20.78804936896224,0.0
602,2.741929531097412,20.1984104577822,5.0011392089992395,23.73897163387315,11.606466743539265,0.0,0.16358362848035235,0.1,0.006632804870605469,0.05577230453491211,0.05007972,0.46341172,20.102255110950964,0.0,0.2711970365737668,0.0,300,0.02745819091796875,0.09398380583467028,0.09697886645873878,180900,19.79023683276979,0.0
603,2.788628578186035,18.239101543261377,3.9426624335306615,21.954372267767017,11.629953601653403,0.0,0.16841301745980955,0.1,0.003050088882446289,0.05982208251953125,0.04977341,0.40438935,19.915939754182006,0.0,0.24507046000243027,0.0,300,0.049675941467285156,0.11802952707212055,0.07778260292534232,181200,18.785012678204712,0.0
604,2.797891855239868,21.28576043770314,0.7500303575528199,22.368762392527778,20.565297276859162,0.0,0.15783193756252523,0.1,0.0040357112884521484,0.06140923500061035,0.05020659,1.0364469,20.052921822534117,0.0,0.2861836767860629,0.0,300,0.07549405097961426,0.011429130211637576,0.020381323147793385,181500,19.781909714915194,0.0
605,2.723468065261841,20.55518418574859,2.647675677563799,23.000626122359687,16.083158325935766,0.0,0.16540716876886,0.1,0.0036149024963378906,0.06138896942138672,0.050244063,0.8344718,20.103148058855567,0.0,0.2764558338026,0.0,300,0.06735730171203613,0.03471810038784715,0.029751978193854813,181800,19.751006249697607,0.0
606,2.767756223678589,20.524737207124804,2.455158054025612,23.596764244386094,16.73802681278686,0.0,0.16568661782201857,0.1,0.0033969879150390625,0.061956167221069336,0.0498739,0.8963452,20.14530697368249,0.0,0.27604989396531865,0.0,300,0.05469107627868652,0.02232186927862849,0.019993656841256334,182100,17.775608009673473,0.0
607,2.7364604473114014,18.97226000330007,3.1199174985916356,23.300697799033728,14.692738110273309,0.0,0.16841811974602416,0.1,0.07487320899963379,0.1273186206817627,0.05000794,0.83922356,20.02800227664425,0.0,0.2553491725697404,0.0,300,0.04160428047180176,0.05042833566037137,0.045532528880152676,182400,17.769045695548247,0.0
608,2.693803310394287,17.450284971885655,1.6563866382370052,19.65978068870617,15.17366383439606,0.0,0.16235605181804855,0.1,0.0031232833862304688,0.05552077293395996,0.05039199,0.59059244,19.770230546168392,0.0,0.23505700894181997,0.0,300,0.08340764045715332,0.054209866396020726,0.022380117813819593,182700,15.76905013597648,0.0
609,2.690910577774048,20.841024989470903,3.227584194847847,23.666730223501133,15.636073717803779,0.0,0.16434538312329058,0.1,0.003075838088989258,0.07742190361022949,0.049825385,0.72868085,19.87730999049864,0.0,0.2802666927686464,0.0,300,0.05778169631958008,0.043689956845005436,0.046131632825821105,183000,16.770947293125403,0.0
610,2.78029203414917,19.210119527723116,5.043432458484534,23.228861637583723,10.584560123902094,0.0,0.16146537141610662,0.1,0.0031120777130126953,0.05915331840515137,0.050116543,0.52755445,19.81059094422109,0.0,0.2585044942895677,0.0,300,1.4399445056915283,0.1056294062280397,0.0984133825453222,183300,20.718379013242835,0.0
611,2.8080148696899414,20.084764228800232,1.559727403900924,22.16292996770377,17.89421232353848,0.0,0.1702204759005497,0.1,0.003150463104248047,0.05905437469482422,0.05115202,1.1448011,19.838008272679005,0.0,0.27018325840064245,0.0,300,0.05602622032165527,0.012348693333553032,0.010953519569450149,183600,19.781273699920426,0.0
612,2.7917206287384033,19.402738302705753,2.563313900571541,21.796527566869383,15.355318624594254,0.0,0.17581088385543642,0.1,0.0036911964416503906,0.05903267860412598,0.04978881,0.45983583,19.794481275681683,0.0,0.26108990987891045,0.0,300,0.06789326667785645,0.029420678964622384,0.030283875205198575,183900,20.78140338844892,0.0
613,2.8495852947235107,22.45862699791381,0.9492971966089653,23.42083680829854,21.28662004728307,0.0,0.1728439789600416,0.1,0.005335807800292969,0.05933809280395508,0.049174372,0.9442688,20.060895847904895,0.0,0.30183036261756957,0.0,300,0.04900383949279785,0.019241805523802214,0.011044505703149504,184200,18.675672856198815,0.0
614,2.864414691925049,19.434228533120752,2.9544605288223598,22.806498805745278,14.779040167638243,0.0,0.16736649487283034,0.1,0.003204822540283203,0.2117912769317627,0.04989315,0.7091628,19.998229116426483,0.0,0.26150978912922884,0.0,300,0.18605709075927734,0.057776190931465014,0.0528021970324927,184500,21.730354705996877,0.0
615,2.9354631900787354,17.056707369777598,2.1373781182838862,20.450323448930668,14.819674239034743,0.0,0.17257953160714157,0.1,0.0031173229217529297,0.05734872817993164,0.050227877,0.5432687,19.704076941761592,0.0,0.22980320341766697,0.0,300,0.19782662391662598,0.1114534761440678,0.04163468833944595,184800,15.802938239824764,0.0
616,2.732208728790283,22.182555454520745,0.695901490515722,22.979209471781054,21.138941207109724,0.0,0.18528627801873296,0.1,0.002877950668334961,0.05521035194396973,0.05053111,0.73363996,19.951924793037506,0.0,0.29815401983304274,0.0,300,0.12493419647216797,0.04718062629285908,0.04834534456383014,185100,16.792929297920296,0.0
617,2.7642273902893066,22.58868895622523,0.2580172787327761,22.96313160741298,22.282434871253734,0.0,0.17316287173731743,0.1,0.0028655529022216797,0.053398847579956055,0.05038274,1.2864637,20.21560120935628,0.0,0.3035692615121381,0.0,300,0.0753011703491211,0.053668102406272344,0.009202500718220128,185400,18.784480940358005,0.0
618,2.7145938873291016,22.16369620071608,0.837402247971442,23.321237648183256,21.132093922133276,0.0,0.1741352748468223,0.1,0.0027952194213867188,0.057546377182006836,0.04949469,0.63458306,20.410410708492257,0.0,0.2978808038909353,0.0,300,0.07939028739929199,0.006772073568727543,0.01448962012859395,185700,15.798528517429752,0.0
619,2.675567150115967,22.158756065402994,0.5049860756770277,22.725247114934778,21.56945643368888,0.0,0.17342844688797376,0.1,0.003072023391723633,0.05632972717285156,0.050480634,0.50498235,20.585245244183334,0.0,0.29783606688573966,0.0,300,0.9633204936981201,0.011348430760237605,0.009334407217087013,186000,20.768185713229254,0.0
620,2.9027202129364014,20.65459893549101,1.5108016472557189,22.54909779293107,18.64908781695458,0.0,0.1773742441574995,0.1,0.003083944320678711,0.06073737144470215,0.049767233,0.5156616,20.592180613314103,0.0,0.2777811157053391,0.0,300,0.17885875701904297,0.03647072477457473,0.01058287382660007,186300,19.775489262443077,0.0
621,2.8346505165100098,19.95444960313243,2.9633360607368293,22.276597903454608,14.946351822552606,0.0,0.18013623658160174,0.1,0.0030319690704345703,0.05684328079223633,0.050013527,0.5275489,20.528407512295935,0.0,0.26844604866862415,0.0,300,0.07956910133361816,0.04875979772463734,0.04643870553254644,186600,18.807196038621733,0.0
622,2.6990463733673096,21.45448630295272,0.9547058542737918,22.70260660042699,20.26875062739849,0.0,0.14903580403368086,0.1,0.0037016868591308594,0.061838626861572266,0.050121073,2.0209997,20.621015391361617,0.0,0.2884156803014193,0.0,300,0.1672055721282959,0.0323621411269231,0.02491688707626493,186900,18.798226145216944,0.0
623,2.843503475189209,20.19954983891877,1.9445081532774984,22.45550515708262,18.172441101382002,0.0,0.17328962869637152,0.1,0.003610849380493164,0.06022024154663086,0.049795292,0.64833486,20.578868836117334,0.0,0.2717139899470815,0.0,300,0.10201740264892578,0.023075919210833865,0.02443470717294511,187200,11.82581331322328,0.0
624,2.7920544147491455,20.715548116439535,0.8954483531522144,21.379238047209142,19.17354755790757,0.0,0.18066408048927832,0.1,0.0035109519958496094,0.05796933174133301,0.050038666,0.60920423,20.592536764149553,0.0,0.2785935562856015,0.0,300,0.19700169563293457,0.008866944223531337,0.007936273779112487,187500,17.820925509096156,0.0
625,2.7964391708374023,21.844483039607642,0.36283601427210743,22.31579319493597,21.370596043589273,0.0,0.17299502055128838,0.1,0.003183603286743164,0.05713486671447754,0.050113447,0.72982895,20.717731391695363,0.0,0.2936457875754371,0.0,300,0.11715817451477051,0.008426677463571584,0.004962436789849808,187800,18.799388834211097,0.0
626,2.6577200889587402,20.010623745339473,3.439143022784585,23.272720080339116,14.33073015663034,0.0,0.16946400336690975,0.1,0.0034859180450439453,0.07148599624633789,0.04970996,0.4656521,20.647020627059774,0.0,0.2691866426392395,0.0,300,0.11080336570739746,0.06118672723293399,0.05477104436904957,188100,12.849329065146117,0.0
627,2.652134418487549,21.6461230210367,1.148831052931589,22.82522129009019,19.85746236691278,0.0,0.16636041866221757,0.1,0.0030732154846191406,0.058060646057128906,0.049884796,0.88885945,20.74693086645747,0.0,0.29100081068535677,0.0,300,0.10020184516906738,0.008553379072136541,0.010329219929224403,188400,20.770108907000417,0.0
628,2.715306282043457,20.610285403416263,2.394587735899354,22.71209107547915,16.540114120445555,0.0,0.17753283152308186,0.1,0.005684614181518555,0.14773273468017578,0.049832065,0.54364306,20.73326632015335,0.0,0.27719054312837865,0.0,300,0.10431718826293945,0.024679133150018052,0.02422874491201512,188700,20.806923747462484,0.0
629,2.6938908100128174,19.854976377505402,2.157042579424217,23.17837891484636,17.13869406493798,0.0,0.1692137124428737,0.1,0.0030744075775146484,0.057443857192993164,0.05013675,0.8356848,20.645437325888558,0.0,0.26689887981266863,0.0,300,0.3389170169830322,0.02501276095785683,0.0223696691635375,189000,18.802721602965708,0.0
630,2.9060654640197754,20.599793432548978,1.9701940335809063,23.11505285539163,17.95660448131512,0.0,0.16997925701172925,0.1,0.0031456947326660156,0.05811333656311035,0.050122604,0.8094582,20.6408729365546,0.0,0.27705064014301,0.0,300,0.06486272811889648,0.021089904245053904,0.0207009079712964,189300,20.8191960712779,0.0
631,2.680586338043213,19.157566265583412,3.2274670697499293,23.269646825648113,15.775903550814647,0.0,0.16585987239393646,0.1,0.003172636032104492,0.24384212493896484,0.049987476,0.6540476,20.492542269457484,0.0,0.2578206042726203,0.0,300,0.16697168350219727,0.03984358102982288,0.03933190284886241,189600,18.871603397317337,0.0
632,2.668010950088501,20.743244836664296,1.0140382421139527,21.75840517971343,19.438277130420335,0.0,0.17155447689823505,0.1,0.003075122833251953,0.05571246147155762,0.04882583,3.0137851,20.517612526178166,0.0,0.2789000139883512,0.0,300,0.1172494888305664,0.01211636605378288,0.010794127335686092,189900,15.844346586576757,0.0
633,2.7474498748779297,18.31491907516313,3.8504480331560242,22.382166987047494,12.266589229524772,0.0,0.16662602565004592,0.1,0.003009319305419922,0.0589299201965332,0.050203204,0.4329677,20.297343181076663,0.0,0.24657960471924711,0.0,300,0.1955108642578125,0.07105400897190892,0.06528784465880146,190200,20.7935989241389,0.0
634,2.7306535243988037,20.652982560997508,2.4190674801475676,23.16527105841793,16.742182280262394,0.0,0.17189623673216678,0.1,0.003222227096557617,0.059258222579956055,0.050301444,0.4999124,20.33290711906875,0.0,0.27775963212222904,0.0,300,0.2726163864135742,0.022273961995542452,0.02293830680639207,190500,17.770223931498176,0.0
635,2.7608065605163574,16.645818100904435,2.478399563975568,20.763760427041216,14.132937640385512,0.0,0.15505692048460035,0.1,0.002923250198364258,0.06146669387817383,0.04972366,0.75407046,19.964198217252317,0.0,0.22433047909308731,0.0,300,0.02912139892578125,0.07360886338151383,0.05254103299849046,190800,20.779181874364216,0.0
636,2.7755582332611084,19.43900959996347,1.9876188720589782,21.532317452708504,16.16444581334554,0.0,0.17099085918110146,0.1,0.0030815601348876953,0.1815950870513916,0.049858972,0.74536,19.911679355523436,0.0,0.26155661489369725,0.0,300,0.23742961883544922,0.025216473538902284,0.02877807505348544,191100,21.76820178899689,0.0
637,2.766599655151367,16.642487288710527,3.089720301835039,21.915983307399383,14.284992865646354,0.0,0.1619478832010284,0.1,0.0032286643981933594,0.1929006576538086,0.049880013,1.226932,19.584760148842143,0.0,0.2242854757241255,0.0,300,0.15881133079528809,0.08816639935315065,0.07980581865707738,191400,20.7895549715304,0.0
638,2.6815531253814697,20.022431968510602,1.395768718707277,22.135056080929964,18.65231239171674,0.0,0.1577824661336433,0.1,0.6459376811981201,0.06485438346862793,0.049916912,1.3317434,19.628527330808993,0.0,0.26935114403628224,0.0,300,0.1654057502746582,0.03744786284556763,0.027615689340727227,191700,13.775710749578904,0.0
639,2.754971981048584,21.57851346340869,1.8611251230931485,23.502667317923365,18.561006970650404,0.0,0.16790781624105794,0.1,0.003447294235229492,0.06313300132751465,0.049387,0.9273533,19.823525944068965,0.0,0.2900998639645294,0.0,300,0.2909696102142334,0.04128863593360744,0.014696739914527232,192000,19.769838864187673,0.0
640,2.738675832748413,22.209559091374608,0.5984929690525379,23.08404530995387,21.43275676340333,0.0,0.18454084410129545,0.1,0.0033185482025146484,0.0595698356628418,0.049968317,0.7835994,20.06212925879953,0.0,0.2984496371643036,0.0,300,0.04321408271789551,0.01959337738490496,0.005367997229570573,192300,20.764438305713576,0.0
641,2.7632222175598145,17.768774265483707,4.893851797481995,22.57122656255609,11.610039684490632,0.0,0.15340727564920895,0.1,0.0031838417053222656,0.06094813346862793,0.050244488,0.5561476,19.832793759467947,0.0,0.23880047810549918,0.0,300,0.06246447563171387,0.24326712387658334,0.16771779969622538,192600,19.74579267329148,0.0
642,2.590709924697876,20.252430311598463,0.5225122450999431,20.848765788911184,19.432429860316514,0.0,0.1686008202397616,0.1,0.0030798912048339844,0.054793357849121094,0.049515028,0.77089345,19.874757414681,0.0,0.27241897228391315,0.0,300,1.4134423732757568,0.007919824659013175,0.01621113863651492,192900,19.762872677604665,0.0
643,2.6843032836914062,20.054819646861596,1.0665171868261805,21.6269227713835,18.725295488508966,0.0,0.16185992897513585,0.1,0.0030188560485839844,0.05715680122375488,0.05028327,1.240381,19.89276363789906,0.0,0.2697843376558419,0.0,300,0.2159581184387207,0.015123798502527564,0.017588845025954883,193200,13.706591309865862,0.0
644,2.7606780529022217,19.199011873939543,2.0323153670847485,21.271987048798888,16.795318901691754,0.0,0.18379159701667078,0.1,0.0031621456146240234,0.05888962745666504,0.049454037,0.73453313,19.823388461503107,0.0,0.258373564392221,0.0,300,0.2854146957397461,0.021715949988465728,0.017095041586381015,193500,12.767439105363907,0.0
645,2.777796745300293,18.55917176493167,2.9598724026967087,22.934431893147853,15.583735757870828,0.0,0.17416766976762538,0.1,0.0032639503479003906,0.06111741065979004,0.05009222,0.60929036,19.696966791845966,0.0,0.2498417777598193,0.0,300,0.6929230690002441,0.04378966794264415,0.04473903581560481,193800,19.743671712970812,0.0
646,2.851175308227539,21.708290956840425,0.906180269675747,23.173444117510893,20.69406944181415,0.0,0.15582120399709593,0.1,0.0032405853271484375,0.061429738998413086,0.050293528,1.2038171,19.89809920834541,0.0,0.29183044545437586,0.0,300,0.1344614028930664,0.01698214454392305,0.009009386473143689,194100,18.782353402783066,0.0
647,2.961918830871582,21.858075738474607,1.4664332089318182,23.571931105685685,19.566626143754725,0.0,0.17232845789524254,0.1,0.003122091293334961,0.06209087371826172,0.049791142,0.9505575,20.09409686135833,0.0,0.293826225994948,0.0,300,0.24879789352416992,0.018697072660058874,0.01004521885189467,194400,13.781856106963344,0.0
648,2.929248809814453,19.400382378503878,1.7227285504563188,21.994569397060992,17.406329992582755,0.0,0.16151139295795608,0.1,0.003109455108642578,0.05958151817321777,0.050042793,0.8004256,20.024725413072886,0.0,0.26105813496828095,0.0,300,0.16503143310546875,0.028578185750621255,0.02634891958962941,194700,18.78619006396564,0.0
649,2.889413356781006,20.285524948393938,1.3237320196631421,22.256549900557506,18.616387768804454,0.0,0.1609250458427926,0.1,0.00308990478515625,0.05951523780822754,0.051199593,1.0363656,20.05080536660499,0.0,0.2728572909007584,0.0,300,0.11977958679199219,0.021757848474460276,0.01583316078685452,195000,11.785518511300365,0.0
650,2.6323776245117188,20.03858555929178,1.2150699239816367,20.83321495705219,17.94133048712455,0.0,0.16625563643818497,0.1,0.0028667449951171875,0.0529932975769043,0.050311506,1.017126,20.04958338587367,0.0,0.2695464965884219,0.0,300,0.09290099143981934,0.009152597919969637,0.007838508523199537,195300,17.78424888302464,0.0
651,2.636850595474243,22.8464068362687,0.40322625443957183,23.331167033835357,22.219845962730727,0.0,0.17642912777250272,0.1,0.0027358531951904297,0.0540163516998291,0.04962107,0.73414904,20.32926573091317,0.0,0.3070055003958074,0.0,300,0.05269742012023926,0.02590593818231916,0.013946200667429815,195600,17.776018035118717,0.0
652,2.9202959537506104,20.031366989614337,3.5885593428986344,23.349013548791163,14.279308265531068,0.0,0.17233375966572415,0.1,0.003116607666015625,0.05843091011047363,0.049353536,0.6219921,20.29947585678329,0.0,0.2694713907477756,0.0,300,0.135728120803833,0.047903651556852854,0.05002638387831876,195900,12.785348446480002,0.0
653,2.783189296722412,19.949848658937142,2.3729265802737,22.784588804419954,16.744054702375465,0.0,0.15886088965092182,0.1,0.003011465072631836,0.0629737377166748,0.04967237,0.85501844,20.264513136998673,0.0,0.2683795285032202,0.0,300,0.16310548782348633,0.02950725753710191,0.022919685658780414,196200,17.789468952438057,0.0
654,2.7175917625427246,21.269612104116675,2.2749422156511288,23.47031797935254,17.932715468188235,0.0,0.1831584398389703,0.1,0.0035712718963623047,0.06265783309936523,0.050045423,0.82075423,20.365023033710475,0.0,0.28598155234553535,0.0,300,0.08731198310852051,0.023677743127387192,0.02425313237319566,196500,17.792826523519757,0.0
655,2.684774875640869,21.328941098236157,1.9561804187245864,22.604204927914925,17.944404155060965,0.0,0.1663710345948089,0.1,0.004328012466430664,0.061805009841918945,0.050156232,1.0037104,20.461414840163044,0.0,0.2867705028968142,0.0,300,0.1901998519897461,0.016776731747147704,0.013955843771643406,196800,17.78635099365596,0.0
656,2.821092128753662,17.216592695595523,3.7682641307242273,20.825158627015007,11.604087935074007,0.0,0.16809786731682042,0.1,0.003183126449584961,0.062044620513916016,0.050154585,0.48033813,20.136932625706294,0.0,0.23143853178279117,0.0,300,0.23202967643737793,0.15350476664012755,0.11066688469217748,197100,17.785677582538195,0.0
657,2.7634191513061523,18.274046120854017,5.163693691926704,23.500029055082447,11.603892156794865,0.0,0.15879148766403695,0.1,0.003191232681274414,0.180586576461792,0.049594283,0.5432392,19.950643975221066,0.0,0.24534017235644878,0.0,300,0.21799159049987793,0.11210263012736527,0.10944030331502143,197400,18.79418024882302,0.0
658,2.7031993865966797,21.6177466880707,1.1032498751212323,22.59413530951918,19.81947831966849,0.0,0.165058986742867,0.1,0.0031321048736572266,0.054982662200927734,0.049634505,0.8183608,20.11735424650603,0.0,0.29062291980553434,0.0,300,0.2981719970703125,0.05428532898152903,0.03103822845633775,197700,20.784286829472958,0.0
659,2.6850204467773438,22.075609044042398,0.9581219389695116,23.38723197041597,20.724605032575692,0.0,0.16795840750905663,0.1,0.0029785633087158203,0.05603623390197754,0.049919724,0.7263686,20.313179726259666,0.0,0.2967280798753618,0.0,300,0.1274266242980957,0.03009182076450947,0.008787840546569578,198000,17.80706480511844,0.0
660,2.7029287815093994,19.169245339210846,4.504633871302454,22.888580415869615,11.600757454500922,0.0,0.16150961000144784,0.1,0.0033664703369140625,0.05964922904968262,0.04984654,0.40524942,20.198786287554782,0.0,0.2574746299497189,0.0,300,0.11054229736328125,0.09575582944565145,0.10062231942131283,198300,16.853031778893406,0.0
661,2.755396604537964,20.232290820421984,0.9316213696356169,21.607579373839194,18.98785872900141,0.0,0.17319766872468395,0.1,0.0029702186584472656,0.056467294692993164,0.04977129,0.6457209,20.202136740841503,0.0,0.27214480884668246,0.0,300,0.9727416038513184,0.012185145064428108,0.005844959614362957,198600,11.936871956458605,0.0
662,2.8940486907958984,20.665960574520874,1.2741674498091324,22.048568898333397,18.829093894131084,0.0,0.1730141624384289,0.1,0.0029871463775634766,0.05662822723388672,0.049859412,0.87650514,20.24851912420944,0.0,0.277626195698298,0.0,300,0.14731121063232422,0.011377038484369729,0.012220011674569903,198900,18.781201575758782,0.0
663,2.8043646812438965,22.469529329641517,0.5059462022179567,23.31575765695165,22.006309084878094,0.0,0.15591776551862782,0.1,0.003040313720703125,0.056876182556152344,0.049696486,1.1489149,20.47062014475265,0.0,0.30197891797845655,0.0,300,0.8643934726715088,0.016475312533482053,0.0077821210990852,199200,18.779726626921338,0.0
664,2.7812044620513916,18.846352592841725,2.491787340519939,22.723541491208312,15.971131375138736,0.0,0.17372812894501943,0.1,0.0030312538146972656,0.05761909484863281,0.0499725,0.6554913,20.30819338956156,0.0,0.25367124669927604,0.0,300,0.14832830429077148,0.04580449755286961,0.042842825087701916,199500,18.786458766855365,0.0
665,2.763200521469116,19.306057086126273,4.470904160761283,22.635763674083947,11.605471282510962,0.0,0.15846343236468644,0.1,0.0032422542572021484,0.16025781631469727,0.050082047,0.43459624,20.20797975921803,0.0,0.2592977094046114,0.0,300,0.15418553352355957,0.08188212205059546,0.07117312163509969,199800,19.772402198886194,0.0
666,2.77290415763855,19.531453851470836,1.2487333297847925,20.784333896173433,17.79446584648617,0.0,0.17956621209238588,0.1,0.003067493438720703,0.05813479423522949,0.049700253,0.8046679,20.140327168443314,0.0,0.2628059369436765,0.0,300,0.15280413627624512,0.009515286835562216,0.012022236820287274,200100,18.79129671296352,0.0
667,2.906383991241455,17.376076311381727,2.5732204722197203,21.570860521763343,15.070291079344136,0.0,0.16789498515208628,0.1,0.003852367401123047,0.060190677642822266,0.049729545,0.793967,19.863902082737155,0.0,0.23391524087307797,0.0,300,0.06990623474121094,0.05941640949658557,0.04649192557905247,200400,11.599663112305256,0.0
668,2.688185214996338,20.26073012699637,1.429784939185529,22.698390396796448,19.054531003183925,0.0,0.17165100496945102,0.1,0.003573179244995117,0.06102943420410156,0.050174553,1.0001037,19.903584887163078,0.0,0.2725294361983872,0.0,300,0.2126009464263916,0.03350645894097187,0.02666580008063796,200700,17.778653758993425,0.0
669,2.6884987354278564,18.926191839876196,3.6071743579541935,23.276009530548926,13.667122011753431,0.0,0.16295413320397792,0.1,0.003200531005859375,0.059401750564575195,0.04962829,0.8566383,19.80584558243439,0.0,0.2546005293247601,0.0,300,0.08384394645690918,0.050220594165502855,0.045717982428086196,201000,13.776841204308672,0.0
670,2.7402396202087402,22.13210653788815,0.4957841217605647,22.69540973469208,21.513542968130878,0.0,0.1570643963932025,0.1,0.0034332275390625,0.058969974517822266,0.05001181,0.90834826,20.038471677979764,0.0,0.29748103986719227,0.0,300,0.04892897605895996,0.03185477003214044,0.0074944736347794015,201300,16.85833306766025,0.0
671,2.6954574584960938,18.892930476134882,4.615642338192197,22.801375110183717,11.16089130510753,0.0,0.16021465973292273,0.1,0.003051280975341797,0.05759835243225098,0.049726877,0.46155792,19.923917557795278,0.0,0.25429203616341334,0.0,300,0.18132257461547852,0.09105678827596236,0.09389554479382531,201600,17.787859764494815,0.0
672,2.6710987091064453,21.849342572888443,1.5219642297947757,23.16598863670253,19.2742916832227,0.0,0.1635987166926308,0.1,0.0031921863555908203,0.23809146881103516,0.049531188,0.9296525,20.116460059304597,0.0,0.29371106577847267,0.0,300,1.3156108856201172,0.0128510291100873,0.013034818941765992,201900,19.784587139024712,0.0
673,2.80389666557312,19.840147360433694,0.6853461345464833,20.87081099458261,18.963580550637612,0.0,0.15794310863907277,0.1,0.0032558441162109375,0.0626986026763916,0.04989896,0.47166544,20.08882878941751,0.0,0.2669072821363759,0.0,300,0.19132041931152344,0.034355740110963796,0.016620057787155716,202200,16.845759559898376,0.0
674,2.833341360092163,22.479880420061967,0.6927640525475309,23.18554211668995,21.46778981051895,0.0,0.18020667642596128,0.1,0.003443479537963867,0.05803227424621582,0.049783632,0.7322445,20.327933952481953,0.0,0.3021175864739336,0.0,300,0.19969415664672852,0.01716947358909165,0.016314988455645597,202500,16.783899015932526,0.0
675,2.8527350425720215,16.739722652805042,4.668100933488205,21.9058776850582,11.602454782033975,0.0,0.15428617947313372,0.1,0.01071929931640625,0.05795764923095703,0.04993193,0.530531,19.969112822514262,0.0,0.2250801305177543,0.0,300,0.11768007278442383,0.18382118067868478,0.1499770325859073,202800,17.778798382069876,0.0
676,2.740417242050171,18.78074609194759,3.6643011196629582,21.455673140345098,12.50800468503165,0.0,0.1660914239755648,0.1,0.002949237823486328,0.05535531044006348,0.051385574,0.46886992,19.850276149457596,0.0,0.25279562676029427,0.0,300,0.05695295333862305,0.051776724877967646,0.055686616383135636,203100,18.791091326400906,0.0
677,2.743177652359009,18.191101634977485,4.31971288661701,23.21537234093383,11.599132500941577,0.0,0.15554318726008992,0.1,0.003011465072631836,0.054381608963012695,0.04984267,0.567375,19.684358698009582,0.0,0.24442857167864512,0.0,300,0.13686275482177734,0.08352640930176679,0.08181923529804479,203400,17.78118704637293,0.0
678,2.851416826248169,18.06497280953554,5.169035004083047,23.40894390927014,10.539175981851372,0.0,0.15830360095661525,0.1,0.003042459487915039,0.059076547622680664,0.05066323,1.0494635,19.52242010916218,0.0,0.24319006979551258,0.0,300,0.027009248733520508,0.10390926650051656,0.10265624136601141,203700,12.770891584964504,0.0
679,3.0116965770721436,19.899726954107752,0.9738330395811873,20.940113221327376,18.36770998858049,0.0,0.1743936264397525,0.1,0.0030732154846191406,0.0586855411529541,0.050207276,1.153003,19.560150793656735,0.0,0.2677072335254372,0.0,300,0.5867557525634766,0.020617986213800798,0.010454593191747092,204000,17.794641592750427,0.0
680,3.034191370010376,20.525808711178726,2.7971504143432826,23.394096747133457,16.13222111326373,0.0,0.15290719026615138,0.1,0.003077268600463867,0.08419990539550781,0.04975416,0.96173227,19.656716585408933,0.0,0.27606323000047994,0.0,300,0.25705456733703613,0.03617435608793103,0.027811477757575507,204300,16.83858698384461,0.0
681,3.0612621307373047,21.976875273761515,0.9631753345216154,22.923472200824033,20.380459607346516,0.0,0.1752895806902204,0.1,0.0035774707794189453,0.059961795806884766,0.050538603,1.1460634,19.88873245424419,0.0,0.29541174594104797,0.0,300,0.19703197479248047,0.018946157850210317,0.011906834519528396,204600,18.79592001845589,0.0
682,2.8697171211242676,21.85239295558128,1.5724111776099015,22.83602551416895,19.131610660300645,0.0,0.17647593549903096,0.1,0.004174947738647461,0.058051347732543945,0.05011953,0.6242149,20.0850985043779,0.0,0.29375193334177474,0.0,300,0.12482547760009766,0.012832937569157366,0.014181664840728421,204900,16.810307428010102,0.0
683,2.850334882736206,19.37312422839199,4.443958159737369,22.917443929355155,11.758511933639086,0.0,0.1613173725380704,0.1,0.0033483505249023438,0.06461977958679199,0.04987674,0.4575911,20.01390107677931,0.0,0.2601489444287441,0.0,300,0.09736800193786621,0.11665556079115226,0.09233756508073442,205200,16.791523427888364,0.0
684,2.6714484691619873,21.998012779273846,0.41304897799363166,22.70608666771197,21.683759722206958,0.0,0.17191003758201553,0.1,0.0031099319458007812,0.05664229393005371,0.049540006,1.418466,20.212312247028763,0.0,0.2956935034548897,0.0,300,0.06730127334594727,0.010152883741060624,0.013932979789707907,205500,16.804003768274637,0.0
685,2.8354685306549072,19.630764593435988,2.883462708634724,23.639346426047798,15.641592294595547,0.0,0.16445686764096396,0.1,0.005330562591552734,0.1612377166748047,0.05003163,0.49662715,20.154157481669486,0.0,0.26412946227681877,0.0,300,0.08975577354431152,0.03516371041059722,0.03394237310192596,205800,17.771677493567292,0.0
686,2.7428481578826904,20.779979692107613,2.378223063788329,22.79762358051992,16.891519381091697,0.0,0.168594370262717,0.1,0.003048419952392578,0.0600886344909668,0.04978209,0.7622793,20.216739702713298,0.0,0.2794526877261548,0.0,300,0.05905580520629883,0.023610689016792873,0.023449143927763625,206100,18.80743260155532,0.0
687,2.8892195224761963,21.081719595382793,3.036253242053498,23.334883265005978,15.876344860457401,0.0,0.1647043436841767,0.1,0.0030226707458496094,0.1574394702911377,0.049574126,0.64308363,20.303237691980247,0.0,0.2834762691745949,0.0,300,0.23070907592773438,0.030497219751106145,0.027066429566348825,206400,18.854599031340207,0.0
688,2.7690999507904053,17.655921071700966,4.133480327362657,23.209943259352592,11.684227189137118,0.0,0.15850134164326207,0.1,0.0031867027282714844,0.060895442962646484,0.050113514,0.48212647,20.03850602995232,0.0,0.23729635408207345,0.0,300,0.18711590766906738,0.12632568493717025,0.09215440221596423,206700,12.784637101025124,0.0
689,2.8201115131378174,16.934541860976672,5.085844348129352,22.251201427376124,11.604994582364345,0.0,0.15329310399338794,0.1,0.003148794174194336,0.05916714668273926,0.049764898,0.6455169,19.728109613054755,0.0,0.22711118473152314,0.0,300,0.11239194869995117,0.1592489242460722,0.12834299976026856,207000,20.8250965822437,0.0
690,2.910175085067749,21.68044006262613,1.1684330032941794,23.0638405699625,19.865498689839438,0.0,0.16432462302875706,0.1,0.0035109519958496094,0.05928301811218262,0.049635787,0.92740196,19.923342658011894,0.0,0.29145888876813986,0.0,300,0.10278725624084473,0.07037611899013757,0.05062608429464888,207300,19.781399492015453,0.0
691,2.766383171081543,18.699370571869984,3.19044556102743,21.634119466490755,13.92968291983532,0.0,0.17032519350594036,0.1,0.0030350685119628906,0.05483746528625488,0.05016105,0.78330874,19.8009454493977,0.0,0.25171137953711087,0.0,300,0.05605316162109375,0.047985780560374953,0.05086798175815762,207600,18.78415348412099,0.0
692,2.767336130142212,19.79909248274711,2.8381548941538663,23.166861104631465,15.371199352625652,0.0,0.17095177655789348,0.1,0.0029230117797851562,0.057740211486816406,0.04990731,0.6957203,19.800760152732643,0.0,0.2661128889271385,0.0,300,0.08027958869934082,0.035083239454862435,0.03327780257376361,207900,19.786386427278845,0.0
693,2.7310075759887695,19.636852755664876,1.3667361957977786,21.77225460602923,18.194325764069447,0.0,0.16570827275499334,0.1,0.0030341148376464844,0.20191192626953125,0.050182488,1.381322,19.784369413025868,0.0,0.2642109903671525,0.0,300,0.2991600036621094,0.00712140268343941,0.007180525918189887,208200,18.92887874141942,0.0
694,2.8383030891418457,20.615086985236903,2.993788679711714,22.993269010789575,15.549847321818126,0.0,0.1660058405422576,0.1,0.0029196739196777344,0.05576324462890625,0.05021979,1.0382521,19.86744117024697,0.0,0.2768722692707928,0.0,300,0.1858513355255127,0.046002623324194775,0.04294432784638224,208500,18.80602614687598,0.0
695,2.8515255451202393,18.214299133587083,4.053289423442409,22.35096053724531,12.076809573781679,0.0,0.16761698556539764,0.1,0.0029723644256591797,0.05726027488708496,0.049926803,0.56238437,19.702126966580984,0.0,0.24522318522846123,0.0,300,0.18314194679260254,0.10151436532152681,0.0873399243759981,208800,17.799084406215396,0.0
696,2.8815696239471436,21.740038102133273,1.5073949197051681,22.789162868088454,19.15356289839014,0.0,0.17200950920421162,0.1,0.002971172332763672,0.05606198310852051,0.050378613,0.9402777,19.905918080136214,0.0,0.2922532444460169,0.0,300,0.04795718193054199,0.02764571279950312,0.024355328496438233,209100,11.60167646293611,0.0
697,2.772563934326172,21.36297044562743,0.8547267121509633,22.667423199361803,20.420307872520656,0.0,0.16823227133465105,0.1,0.0030450820922851562,0.05629539489746094,0.049687136,0.9899285,20.051623316685333,0.0,0.28721568994371194,0.0,300,0.07450294494628906,0.012521042333671566,0.006125026379820044,209400,11.601698101906535,0.0
698,2.7219412326812744,19.480034715937975,2.5818856930504097,23.12413655515414,16.38583742706279,0.0,0.15470349356802615,0.1,0.0029790401458740234,0.16715097427368164,0.048346207,0.53760296,19.994464456610597,0.0,0.2621189867596703,0.0,300,0.17971277236938477,0.041535572514295876,0.039631828548384374,209700,18.804204693567442,0.0
699,2.9110798835754395,19.96108352892206,1.3669846981889335,21.499971598174096,17.89348947262449,0.0,0.1658171205928089,0.1,0.0028641223907470703,0.055353403091430664,0.049768224,0.54227805,19.991126363841744,0.0,0.2682996655884397,0.0,300,0.2197117805480957,0.018455186343202975,0.009656333155931085,210000,18.78193925162918,0.0
700,2.6419620513916016,18.563843848404602,2.8324664322889612,22.460018794830688,15.343146999537423,0.0,0.1670552551799459,0.1,0.0037679672241210938,0.06219220161437988,0.050163995,0.6941566,19.84839811229803,0.0,0.24985121654767856,0.0,300,0.029636859893798828,0.03899079114632334,0.03477237070447284,210300,19.758999583469805,0.0
701,2.714487314224243,21.65010189957772,1.554534428411031,23.265582668463207,19.128338425922703,0.0,0.17511264566658485,0.1,0.003303050994873047,0.06118154525756836,0.050192177,1.1349641,20.028568491026,0.0,0.29105023653038,0.0,300,0.05858969688415527,0.04208672266545827,0.028801452282170674,210600,21.759780405043653,0.0
702,2.700674533843994,17.952108848436758,3.4359161694595026,21.845890160491287,12.427611296556504,0.0,0.15367098261410853,0.1,0.003400564193725586,0.057837724685668945,0.05021458,0.4752257,19.820922526767077,0.0,0.24174763630262483,0.0,300,0.0675210952758789,0.05027132928362375,0.056560781845689294,210900,11.60226912594625,0.0
703,2.629180908203125,21.869096649643964,1.1272347784086996,23.047251617392885,20.723870138398702,0.0,0.17110372950302294,0.1,0.0033397674560546875,0.23828649520874023,0.050461017,0.7200447,20.025739939054766,0.0,0.29397254034430687,0.0,300,0.347900390625,0.018074088978349105,0.009145468947235362,211200,17.78965733042719,0.0
704,2.675753593444824,20.14476332993849,3.810480374382562,23.335105878777753,13.750740851898962,0.0,0.16827753253532257,0.1,0.003084897994995117,0.05976676940917969,0.04972477,0.5167803,20.03764227814314,0.0,0.2709757577260304,0.0,300,0.2856333255767822,0.05033793952395702,0.05265873965273199,211500,16.786093277884493,0.0
705,2.706198215484619,19.779234551541833,1.967615011022627,21.809507165628457,17.496276680789837,0.0,0.15569928487924695,0.1,0.00318145751953125,0.05846261978149414,0.050049767,0.5797184,20.01180150548301,0.0,0.2661089001566097,0.0,300,1.4178423881530762,0.028121824702779796,0.01936537119183065,211800,16.78350390124902,0.0
706,2.8084516525268555,20.131116848576507,4.2919783863659875,23.04520306306652,12.74924283104887,0.0,0.17436968734078526,0.1,0.003197908401489258,0.06090521812438965,0.05002505,0.43747234,20.02373303979236,0.0,0.27079849415622864,0.0,300,0.09592866897583008,0.06302078896180247,0.06370996526657366,212100,18.81527117529387,0.0
707,2.8063385486602783,22.879490842569183,0.09673141537569152,23.003555283301313,22.735992279184227,0.0,0.16914172186763896,0.1,0.0031540393829345703,0.06206774711608887,0.049892694,0.9374901,20.309308820070044,0.0,0.30744604989423796,0.0,300,0.24510955810546875,0.038225472192132744,0.01586780564089892,212400,11.601229528843264,0.0
708,2.836228132247925,20.02501467388626,2.900838239202994,23.23608421551128,16.737312929845178,0.0,0.1705992103847676,0.1,0.003161907196044922,0.05913972854614258,0.05005235,0.6368173,20.280879405451667,0.0,0.2693821395151901,0.0,300,0.21370148658752441,0.03615400590325493,0.04519597077436822,212700,18.778193043650173,0.0
709,2.9154915809631348,20.772587249236604,2.2155848600479495,22.87662281363317,17.082430111386557,0.0,0.17514260465284454,0.1,0.0032393932342529297,0.0587007999420166,0.049904898,0.8588978,20.33005018983016,0.0,0.2793540035113358,0.0,300,0.15127182006835938,0.03025254619479331,0.027692692325972806,213000,16.780144516566626,0.0
710,2.732189416885376,20.201507795731654,1.5958249473981743,22.81293497510303,18.48563555678586,0.0,0.1719479328255668,0.1,0.002858400344848633,0.0542447566986084,0.0501905,0.7579467,20.31719595042031,0.0,0.2717394279795651,0.0,300,0.03771352767944336,0.015662872916104256,0.012685161431564725,213300,16.784580928688232,0.0
711,2.8195736408233643,20.48711561628533,2.577097759847987,23.42171061506528,16.85872750565695,0.0,0.15292036095265338,0.1,0.044821977615356445,0.05856585502624512,0.050384637,0.6787272,20.334187917006812,0.0,0.27489974920064336,0.0,300,0.16065168380737305,0.025174604211327504,0.025422491271338134,213600,17.81982607507565,0.0
712,3.0271525382995605,18.904400397911505,2.7150843813493517,21.754934108315616,15.11574310179744,0.0,0.16502965503870443,0.1,0.0032012462615966797,0.06066393852233887,0.050316285,0.63778114,20.191209165097284,0.0,0.2544408161302626,0.0,300,0.19928741455078125,0.03531326163329176,0.03124687957044118,213900,15.763500685272158,0.0
713,3.138618230819702,22.339622308171236,0.7981626536504287,23.253961863097533,21.325487091260317,0.0,0.15548701660043293,0.1,0.003255128860473633,0.060465335845947266,0.049373113,1.5069059,20.40605047940468,0.0,0.30024069950691834,0.0,300,0.1253345012664795,0.03948164236965058,0.020658049733085597,214200,18.768208519694465,0.0
714,3.1613805294036865,19.400572502958497,0.9238633948116428,20.728579226446634,18.373253451160615,0.0,0.16123483801380553,0.1,0.0031363964080810547,0.06001019477844238,0.049855653,0.565812,20.305502681760064,0.0,0.26106080124769443,0.0,300,0.043028831481933594,0.013582512597807388,0.02078008562947843,214500,17.77953967983517,0.0
715,2.8457236289978027,22.86960273391373,0.589987658202852,23.601957715849,22.113572194978435,0.0,0.16896285967307895,0.1,0.002961874008178711,0.05487704277038574,0.050479297,0.86946666,20.56191268697543,0.0,0.3073130420163355,0.0,300,1.5201079845428467,0.011851750050834579,0.006432273844618117,214800,17.790101295632184,0.0
716,2.846312999725342,19.83746723871872,3.167111787450783,22.383447152518833,14.410599613148767,0.0,0.1596113620013836,0.1,0.006070137023925781,0.055638790130615234,0.04992492,0.4416198,20.489468142149757,0.0,0.26688513723090157,0.0,300,0.09459447860717773,0.05841529034081168,0.045861307860338096,215100,17.78971668502908,0.0
717,2.972613573074341,20.411717776224823,0.8368735142466646,21.248995012868885,19.182049602046394,0.0,0.16369059901962102,0.1,0.003047466278076172,0.05852103233337402,0.050291203,0.9925171,20.481693105557262,0.0,0.2745429316878604,0.0,300,0.06650686264038086,0.006336205968369568,0.007108128794264738,215400,18.782281607263027,0.0
718,2.841139078140259,21.852133852781634,1.02167886629455,23.18084574421359,20.310177670516527,0.0,0.1772305729270444,0.1,0.0029146671295166016,0.0546870231628418,0.049388897,0.9360225,20.6187371802797,0.0,0.29373608602619655,0.0,300,0.027677059173583984,0.027765043282136335,0.01885996809416857,215700,17.7812287153281,0.0
719,2.6564416885375977,20.027138371707583,3.885500874808836,23.154509639034444,13.467681987691579,0.0,0.1680772601528019,0.1,0.0037069320678710938,0.058283329010009766,0.05073258,0.48934945,20.559577299422493,0.0,0.26938833078033303,0.0,300,0.12209486961364746,0.04863904507856766,0.050456858333470314,216000,16.78327103643186,0.0
720,2.7295801639556885,21.288368118068234,2.3035719617208374,23.199748612725315,17.489154731208334,0.0,0.17205510801596605,0.1,0.0034580230712890625,0.06020021438598633,0.049910236,0.6575063,20.632456381287067,0.0,0.28623148881290167,0.0,300,0.1656818389892578,0.020099905559173504,0.019279452182808614,216300,17.80202394447367,0.0
721,2.726181745529175,19.505164111717733,4.048819817069583,22.98916184684308,12.622774484493977,0.0,0.15870419940789904,0.1,0.0033159255981445312,0.06265997886657715,0.05026155,0.5153767,20.519727154330134,0.0,0.2624525179815146,0.0,300,0.21477103233337402,0.08370538238517863,0.0738598795566252,216600,14.777862198682186,0.0
722,2.948927164077759,20.798673366318752,2.1827378341104606,22.69858355653686,17.091855624431698,0.0,0.16228377320740142,0.1,0.003315448760986328,0.06475615501403809,0.049967557,0.7288517,20.547621775528995,0.0,0.2796856371172312,0.0,300,0.12758517265319824,0.022017148361287073,0.02484602587606316,216900,14.782688278325303,0.0
723,2.6912176609039307,21.85663264863644,1.767909978206022,23.18669874123834,18.821852354963276,0.0,0.16856723590914627,0.1,0.0030679702758789062,0.061826229095458984,0.05028505,0.7604593,20.678522862839742,0.0,0.29379909111426905,0.0,300,0.11236047744750977,0.02846149217591922,0.014924185829862827,217200,15.800010458027238,0.0
724,2.721353530883789,20.72069518834421,2.8845807887604513,23.839154599237958,16.013482151123032,0.0,0.1552214357783479,0.1,0.0030472278594970703,0.05573248863220215,0.049430687,0.83256495,20.68274009539019,0.0,0.2786626275725593,0.0,300,0.09501504898071289,0.02614882094149395,0.028864798932543158,217500,11.603323924201504,0.0
725,2.7172577381134033,22.47858207918069,1.0220155470235142,23.413492746202017,20.817889664427387,0.0,0.16806615014876092,0.1,0.003267526626586914,0.06290888786315918,0.049970776,0.6847661,20.86232429376924,0.0,0.3021008602567624,0.0,300,0.16755032539367676,0.008283642059634572,0.006016616202410652,217800,16.783865400882668,0.0
726,2.7797534465789795,22.190306152470345,0.38903771229675976,22.845458769179185,21.82369104626137,0.0,0.17201953868165834,0.1,0.0031402111053466797,0.058405399322509766,0.04975621,0.755072,20.995122479639353,0.0,0.29825680726340503,0.0,300,0.06024289131164551,0.00511604072853742,0.004918650906651575,218100,19.018684938867345,0.0
727,2.7371749877929688,20.38078639674862,2.3576270411927367,22.15609347455046,16.385639124166307,0.0,0.15911641168234358,0.1,0.003278493881225586,0.05832338333129883,0.04988782,0.76924086,20.933688871350277,0.0,0.27412922970670645,0.0,300,0.07508683204650879,0.0404904063751236,0.03086740233091123,218400,16.80491565922921,0.0
728,2.7693519592285156,18.60058449323967,4.0720476902844265,21.355372004299742,11.600281696604897,0.0,0.15452073443091577,0.1,0.003240823745727539,1.1867637634277344,0.050280444,0.4398113,20.700378433539214,0.0,0.24988367510601517,0.0,300,0.27723145484924316,0.1185212426664838,0.07355323278935838,218700,19.706812264986805,0.0
729,2.813826084136963,21.725491279537422,0.37882325697241925,22.353120355457605,21.35109863484171,0.0,0.16860386552603154,0.1,0.0030732154846191406,0.05613565444946289,0.05008417,0.7790858,20.80288971813904,0.0,0.2920596043542567,0.0,300,0.16820788383483887,0.025063092736499433,0.031211491881022676,219000,19.742828946343565,0.0
730,2.830082654953003,21.26243216103139,1.392375247978894,23.298558922015545,19.636054559046546,0.0,0.17330992349028967,0.1,0.003082275390625,0.058960676193237305,0.050195117,0.7435425,20.848843962428273,0.0,0.2858852784072036,0.0,300,0.05605816841125488,0.027941848238770897,0.013792074448346328,219300,16.735645262622064,0.0
731,2.857753276824951,21.815689903884397,1.1986615605792672,23.14589807389564,20.58821677443971,0.0,0.18456983680215341,0.1,0.003025054931640625,0.06043648719787598,0.050144862,0.582266,20.945528556573883,0.0,0.293262510959238,0.0,300,0.03184914588928223,0.01632081134328393,0.013839390004281357,219600,18.737890760686422,0.0
732,2.800504207611084,18.807305795485377,2.8954347180764155,23.579944070315097,16.173667411788134,0.0,0.16631209081528828,0.1,0.0029408931732177734,0.20961451530456543,0.0500569,0.5846769,20.731706280465033,0.0,0.25315009201920324,0.0,300,0.13287782669067383,0.08502456922168014,0.056431940300991336,219900,17.127279033968115,0.0
733,2.820347547531128,16.792612650217265,6.494383671973802,22.326788978596753,5.785320695708978,0.0,0.158595290057245,0.1,0.0035429000854492188,0.06137681007385254,0.050352585,0.37275755,20.337796917440258,0.0,0.2262876014162426,0.0,300,0.0743265151977539,0.2238531891368254,0.1642102642454227,220200,15.140222304909509,0.0
734,3.2978017330169678,18.431588911465205,4.78539457504527,23.38548660061765,12.229188956107123,0.0,0.16919497866009758,0.1,0.0034027099609375,0.09218096733093262,0.049547628,0.7604881,20.14717611684275,0.0,0.2481401217995178,0.0,300,0.6137986183166504,0.09989865129074328,0.10996391634345075,220500,14.76177722254318,0.0
735,2.8926572799682617,18.08573788375955,4.850785170935257,23.626227877266015,11.610938501999492,0.0,0.15773215234599555,0.1,0.003298044204711914,0.05682635307312012,0.04957013,0.86408836,19.94103229353443,0.0,0.2430278456995601,0.0,300,0.14377689361572266,0.11317859797848903,0.101825468285805,220800,13.741123494444333,0.0
736,2.7954673767089844,21.945723326364913,1.5468465211555154,23.32119809628482,19.425711873087486,0.0,0.16080025108742282,0.1,0.0034503936767578125,0.061542510986328125,0.04988583,0.7879595,20.14150139681748,0.0,0.29499322947515766,0.0,300,0.10162949562072754,0.06794182990091732,0.0185745652487845,221100,21.14169343975909,0.0
737,2.735938549041748,21.821412211911557,0.8897183265902406,23.22788232679954,20.81279466894807,0.0,0.16403835173946751,0.1,0.003022909164428711,0.05478692054748535,0.050077908,0.758125,20.309492478326888,0.0,0.29333623334435777,0.0,300,0.09689211845397949,0.019063463104146486,0.014216860093335188,221400,17.820058597199644,0.0
738,2.7762563228607178,21.99126600233996,1.6452539592640258,23.55959294431822,19.452429883203692,0.0,0.16612106325945508,0.1,0.003205537796020508,0.06006169319152832,0.05031362,0.59567106,20.477669830728196,0.0,0.2955883102563585,0.0,300,0.04563713073730469,0.01388439023674084,0.016934549041517494,221700,17.79946329768233,0.0
739,2.8886983394622803,15.754053970631663,2.7510535553496673,18.632987547252764,11.603629993590824,0.0,0.15548162153924625,0.1,0.0032892227172851562,0.057404518127441406,0.050000787,0.5911231,20.00530824471854,0.0,0.21193485928837,0.0,300,0.22754192352294922,0.4033786000607807,0.11360064973943175,222000,17.815404145708023,0.0
740,2.840574264526367,21.001642319410447,1.3063837513977643,22.382371242478868,19.466649875333715,0.0,0.16790930041344224,0.1,0.0031197071075439453,0.059732913970947266,0.049519945,0.97140557,20.104941652187733,0.0,0.28240815484249804,0.0,300,0.13515233993530273,0.029148360552879445,0.07363007821237218,222300,17.804377580109815,0.0
741,2.766643524169922,21.775404210531303,1.2148217797861376,23.3140448569619,20.01496676736171,0.0,0.16783873011722653,0.1,0.003268718719482422,0.05930066108703613,0.049950264,0.8337991,20.27198790802209,0.0,0.29272513168127484,0.0,300,0.045896053314208984,0.08109198701470022,0.036433780469170486,222600,19.77939842799719,0.0
742,2.831547498703003,22.21161768504931,0.5838725891319976,23.103594922408387,21.6272972325031,0.0,0.16097859275172496,0.1,0.003336191177368164,0.05919814109802246,0.04975296,0.8930287,20.465950885724812,0.0,0.29854163847448756,0.0,300,0.03905510902404785,0.046281561809409136,0.007893472998010487,222900,18.795855735276316,0.0
743,2.977397918701172,21.513298769517963,1.17551605608086,22.812350429765367,19.828233876897578,0.0,0.16533712979800577,0.1,0.0032422542572021484,0.06843447685241699,0.05015647,0.7952613,20.570685674104126,0.0,0.2892205465309058,0.0,300,0.05367732048034668,0.009907518583993677,0.023348156725441875,223200,17.825439210653915,0.0
744,2.8240604400634766,20.267644699729367,3.9528312017678484,22.891972586273035,13.431103896381877,0.0,0.16322973185322306,0.1,0.003949642181396484,0.058008432388305664,0.050502803,0.5013154,20.54038157666665,0.0,0.27191125977709335,0.0,300,0.19468951225280762,0.10269273422594129,0.06954278140449362,223500,15.830090786874656,0.0
745,2.869518756866455,20.476301369961487,1.9649904230296473,23.231020836423298,18.006485759308873,0.0,0.16937077436223216,0.1,0.0031452178955078125,0.05774188041687012,0.050084528,0.59457743,20.533973555996134,0.0,0.27473411290517785,0.0,300,0.19098210334777832,0.025334532113546245,0.016748179897823297,223800,18.786090011039988,0.0
746,3.0273733139038086,20.36852118863731,3.1135342671160076,23.432564726233377,15.240978448689898,0.0,0.15912989843353367,0.1,0.0031278133392333984,0.06339454650878906,0.050618213,0.6418204,20.51742831926025,0.0,0.2739094118046196,0.0,300,0.11905527114868164,0.03653957306377766,0.040020470411151456,224100,17.805380538290503,0.0
747,2.826690196990967,17.78694935188308,1.5174047097460788,19.97212426978061,15.771789563828191,0.0,0.1486500871462545,0.1,0.003088712692260742,0.05689859390258789,0.05089188,2.4734774,20.244380422522536,0.0,0.23954556568038807,0.0,300,0.24819135665893555,0.027448816132921338,0.023083817680749755,224400,17.81107003641842,0.0
748,2.8947582244873047,20.0410542779064,4.265575114443865,23.490439128584217,12.737307254353135,0.0,0.16417070232137193,0.1,0.003393888473510742,0.0562891960144043,0.050131958,0.5913844,20.224047808060924,0.0,0.2696007062244954,0.0,300,0.12084341049194336,0.07137969451294289,0.07032267588779127,224700,17.81913880918805,0.0
749,3.012678861618042,19.929729501639624,2.4725747338811472,23.518931853781996,17.50207417459559,0.0,0.15195072750385977,0.1,0.005817413330078125,0.15990900993347168,0.050031226,1.2528987,20.194615977418795,0.0,0.26811638380449,0.0,300,0.1679377555847168,0.02369697222786593,0.02004475434214726,225000,16.836172997067827,0.0
750,3.0810015201568604,19.208816740503224,3.5258062864279807,22.650479571074175,13.341896841333957,0.0,0.16962865255022772,0.1,0.003043651580810547,0.061077117919921875,0.050247822,0.5367104,20.096036053727236,0.0,0.2585027557583378,0.0,300,0.19954967498779297,0.06548188420990128,0.06618986160846514,225300,17.800219826153608,0.0
751,3.118718385696411,21.87749472985425,1.9456596955647887,23.631168289528155,18.741704688422107,0.0,0.16528645276290427,0.1,0.0030438899993896484,0.06839680671691895,0.049831256,0.7674835,20.274181921339935,0.0,0.2940866255156206,0.0,300,0.49057960510253906,0.024953255613215455,0.016879335154428146,225600,17.796036747603946,0.0
752,2.9641878604888916,17.760386211761983,3.765406274650177,21.09347912190551,11.602257061209976,0.0,0.17442173759474527,0.1,0.0029981136322021484,0.056278228759765625,0.049810022,0.40560734,20.02280235038214,0.0,0.23868966348263965,0.0,300,0.08428668975830078,0.12424913440678724,0.10220075711740802,225900,18.542655351500805,0.0
753,2.9246528148651123,20.04278784496319,2.325309601120634,22.501657095697873,17.167100409371788,0.0,0.16884807600988025,0.1,0.0028502941131591797,0.05555367469787598,0.04967487,0.70425266,20.024800899840244,0.0,0.2696010732088785,0.0,300,0.17229485511779785,0.026432729717588914,0.030937758658066812,226200,18.53902814818772,0.0
754,2.7893857955932617,19.282733984753992,1.3640057591510641,20.879585893223478,17.140384131517543,0.0,0.16316148428454527,0.1,0.0036809444427490234,0.06162714958190918,0.04985606,0.9975328,19.950594208331623,0.0,0.259489281395068,0.0,300,0.16892337799072266,0.0120392509496233,0.012253747013056837,226500,15.856985165738074,0.0
755,2.737110137939453,19.432476748392965,3.568708512877841,23.390147783433918,13.64220724196199,0.0,0.16839450278934287,0.1,0.0032532215118408203,0.055417776107788086,0.05011444,0.5362966,19.898782462337756,0.0,0.26143143911424466,0.0,300,0.11139798164367676,0.07058698614142825,0.06967601501676775,226800,16.825349717785794,0.0
756,2.7434892654418945,18.27946583224358,5.240231130324996,22.834761816944898,10.041611934651222,0.0,0.15896983024236366,0.1,0.0031011104583740234,0.056252241134643555,0.049603358,0.5332723,19.736850799328337,0.0,0.24604349566754127,0.0,300,0.026538372039794922,0.11990105243844212,0.11731503251050811,227100,21.902582647385774,0.0
757,2.849072217941284,19.335082111010202,3.579656204331003,23.199140743292933,13.504446036024936,0.0,0.16251680527234588,0.1,0.003125429153442383,0.062232255935668945,0.049978003,0.6736434,19.696673930496527,0.0,0.2601858343126412,0.0,300,0.02757859230041504,0.059138314880012116,0.05767534762327505,227400,18.482786419661835,0.0
758,2.7843754291534424,21.166940731495654,2.271214040062119,23.61238375918525,18.45327924003327,0.0,0.17375551297185587,0.1,0.003027200698852539,0.05915236473083496,0.04993438,0.90689766,19.843700610596443,0.0,0.2846080646014653,0.0,300,0.03898453712463379,0.0331106491453303,0.025133921288888143,227700,19.341684336518167,0.0
759,2.8311686515808105,20.549913456369747,1.9614426604672794,23.670630428157434,18.29911762224619,0.0,0.16172645812172812,0.1,0.00301361083984375,0.05805778503417969,0.049763795,1.1203321,19.914321895173774,0.0,0.27638540583357724,0.0,300,0.0317997932434082,0.025812272269354813,0.025542570981469417,228000,18.577630439913147,0.0
760,2.7859549522399902,22.667060355133934,0.5557701777982913,23.54702135464265,22.070501205439164,0.0,0.1627232546078831,0.1,0.0037109851837158203,0.05872535705566406,0.04996801,0.87147725,20.189595741169793,0.0,0.3046141998712118,0.0,300,0.22597169876098633,0.0106504367572909,0.004325568507271373,228300,13.597237276033292,0.0
761,2.9304890632629395,18.954886395341603,2.7154959632335305,21.66178509771043,14.442815838190304,0.0,0.17442138335390484,0.1,0.0031960010528564453,0.058351993560791016,0.05026482,0.460513,20.066124806586974,0.0,0.2551135066452451,0.0,300,0.13443779945373535,0.0818866953482224,0.05914621360238302,228600,21.425500094809383,0.0
762,2.860713005065918,17.88111868190119,4.37450504585032,22.88182306622364,11.606675732437237,0.0,0.1504567569624769,0.1,0.0031833648681640625,0.05887126922607422,0.04966438,0.5803889,19.847624194118396,0.0,0.24029873546572367,0.0,300,0.2175130844116211,0.1353021434206705,0.10445133392249513,228900,19.286273323216143,0.0
763,2.861995220184326,20.84136057046662,2.2551140549206914,22.779090009585225,16.997993927197978,0.0,0.16628979268780672,0.1,0.0030715465545654297,0.05715012550354004,0.04964308,1.0356469,19.94699783175322,0.0,0.28027149866251777,0.0,300,0.9443929195404053,0.044560606438523664,0.04506638870143696,229200,16.64571793008394,0.0
764,2.851398229598999,20.562567111976477,0.8054219541270705,21.81053169784443,19.788223110290794,0.0,0.1593693344350535,0.1,0.002947568893432617,0.05776810646057129,0.049676195,1.1731219,20.008554759775546,0.0,0.2765520677685978,0.0,300,0.07870316505432129,0.016429984661803156,0.005840063297152767,229500,12.629166149489892,0.0
765,2.7894740104675293,19.93212280277346,3.190253712716464,22.922531676678087,14.778516967935492,0.0,0.18377276451191257,0.1,0.0031697750091552734,0.056772708892822266,0.049917392,0.7561975,20.000911564075338,0.0,0.2681278472900047,0.0,300,0.1196291446685791,0.05650767446377181,0.05903765504505253,229800,19.392407465639046,0.0
766,2.870342254638672,21.217570700631377,0.8117745234531777,22.004171297155974,19.85669663037532,0.0,0.17130140205708694,0.1,0.0030617713928222656,0.057616472244262695,0.04993689,1.0609534,20.122577477730943,0.0,0.28528213384876727,0.0,300,0.0683588981628418,0.007072743690491389,0.005818427648959242,230100,20.414957130259147,0.0
767,2.956820487976074,20.7928557663709,3.604694658987536,23.92936743418144,14.697059747148892,0.0,0.16044928771550415,0.1,0.003180980682373047,0.18668699264526367,0.04923366,0.63414586,20.189605306594938,0.0,0.2794091615398414,0.0,300,0.2699875831604004,0.051384576916571126,0.0506599075955197,230400,18.602923797169836,0.0
768,2.8306193351745605,21.102077736219734,1.554905466125713,23.432249198301623,19.593690559763612,0.0,0.16651348114951273,0.1,0.002997875213623047,0.05721426010131836,0.049803637,0.7371882,20.280852549557416,0.0,0.2837475697239254,0.0,300,0.06631088256835938,0.011498043345067415,0.01120054631214185,230700,18.596388688318306,0.0
769,2.812239408493042,21.30765736830631,1.739420980198541,23.095874095875534,18.461880166907523,0.0,0.16804558293109506,0.1,0.002869844436645508,0.05659365653991699,0.049928334,0.6978126,20.383533031432307,0.0,0.286488392123468,0.0,300,0.14771437644958496,0.01121963479352933,0.010868285988097765,231000,17.737607756051155,0.0
770,2.8549509048461914,22.315247811030524,1.0221888536363113,23.302857101423417,20.93816709372741,0.0,0.16687153407517366,0.1,0.0029578208923339844,0.16950058937072754,0.049817894,0.8167014,20.57670450939213,0.0,0.299923088739271,0.0,300,0.09184002876281738,0.009375493711204129,0.0069958899164859955,231300,18.77805678649585,0.0
771,2.884502649307251,20.38083010454377,3.3782809292397307,22.71933014211071,14.566963707271803,0.0,0.16033822275523188,0.1,0.0029006004333496094,0.05626821517944336,0.049658008,0.43783072,20.557117068907292,0.0,0.2741283805987581,0.0,300,1.4173414707183838,0.051741726652064765,0.048302799049469096,231600,19.699544383409258,0.0
772,2.879896879196167,20.547632165317943,1.514244517586385,22.819017764105162,18.62057816548172,0.0,0.16469940643024852,0.1,0.0046002864837646484,0.07718539237976074,0.049941596,0.70668066,20.556168578548355,0.0,0.27634356964103723,0.0,300,0.07742881774902344,0.01921804600158074,0.013984978916362818,231900,22.48982032461831,0.0
773,2.837714672088623,21.28896834319927,2.1088719758483845,23.444013857298987,19.056136361683965,0.0,0.1641231031152724,0.1,0.0034902095794677734,0.05778384208679199,0.050062943,1.0409528,20.629448555013447,0.0,0.28623965354924463,0.0,300,0.12236976623535156,0.01715572359147468,0.017938141791131408,232200,12.547468725828713,0.0
774,2.7895355224609375,20.69107864408668,1.3475363361314434,22.803058382733028,19.3797383203841,0.0,0.16772851010411904,0.1,0.0032737255096435547,0.06044483184814453,0.050563853,1.1216172,20.635611563920772,0.0,0.2782664129235982,0.0,300,0.07877206802368164,0.016453148854651503,0.015329349166187941,232500,15.43992042116438,0.0
775,2.9677982330322266,19.653521902169604,2.163272428070726,22.662762788791195,16.768713422931782,0.0,0.17277563656510908,0.1,0.0032777786254882812,0.060536861419677734,0.0503483,0.55101484,20.537402597745658,0.0,0.2644336628741414,0.0,300,0.17737483978271484,0.02270652601524346,0.01996369072835189,232800,20.398334450381295,0.0
776,2.988231897354126,19.172921263540296,4.646758830822739,22.718681984753687,11.315965614287533,0.0,0.15848417019557787,0.1,0.0034477710723876953,0.0601198673248291,0.049744327,0.59356284,20.400954464325125,0.0,0.25802496239513584,0.0,300,0.2566683292388916,0.07617922247867089,0.07295520971915312,233100,16.39848830609699,0.0
777,2.8605117797851562,19.48006998072393,1.0955978429358362,20.71184894207187,18.0588859109205,0.0,0.1617861348452542,0.1,0.002849102020263672,0.05651235580444336,0.04981485,1.022899,20.308866015965005,0.0,0.26211683560463833,0.0,300,0.17576909065246582,0.010105861321714224,0.008682148581299964,233400,20.811787778228485,0.0
778,2.881251335144043,17.798980777627136,2.254030018527508,21.60518052144722,15.793421995225094,0.0,0.17253499022691246,0.1,0.0029485225677490234,0.06107592582702637,0.050076,0.73519343,20.05787749213122,0.0,0.2397062078546322,0.0,300,0.08190417289733887,0.04389336122645118,0.03771164943902589,233700,16.45167239902724,0.0
779,2.8080883026123047,21.594216512338146,0.5315107493824035,22.33934948728163,20.880233510117613,0.0,0.1738225208653853,0.1,0.0030138492584228516,0.055405616760253906,0.050169118,0.8087317,20.211511394151913,0.0,0.2903090920382821,0.0,300,0.20432353019714355,0.0352499561007197,0.02038006646018252,234000,13.980049524563134,0.0
780,2.9213576316833496,20.442375676479696,1.119865144727992,22.36237929895944,19.661946470324878,0.0,0.1658471298447575,0.1,0.0030570030212402344,0.058513641357421875,0.049947046,1.1368521,20.23459782238469,0.0,0.27494606847893976,0.0,300,0.21187663078308105,0.013137279754036248,0.010034772574934729,234300,17.49879237521788,0.0
781,3.156768798828125,17.20933199948249,4.937270176650015,22.743328100669437,12.040232263149377,0.0,0.15605028193170656,0.1,0.5655858516693115,5.184858798980713,0.049805496,0.6135526,19.93207124009447,0.0,0.23182298861960698,0.0,300,0.04472517967224121,0.13891180056835026,0.12465435190875782,234600,21.463881626415276,0.0
782,3.1216535568237305,18.705038391215943,2.7808202982839747,22.307723203801824,14.503657077159016,0.0,0.16044648107401802,0.1,0.0031981468200683594,0.06379008293151855,0.050211217,0.5471221,19.809367955206614,0.0,0.25176484930555354,0.0,300,0.05821061134338379,0.05442173354540196,0.042496914481067766,234900,14.517924177054306,0.0
783,3.082148790359497,17.344592987130298,2.502791220915537,21.60285701803022,15.41520807141622,0.0,0.1531475421215516,0.1,0.003160238265991211,0.06389284133911133,0.05053214,1.357169,19.562890458398982,0.0,0.23364443132337026,0.0,300,0.16280531883239746,0.03683986557164991,0.034812080636816234,235200,20.48786050581202,0.0
784,2.9749934673309326,17.787932375794565,3.917666173440847,22.29708988580165,11.60689690174302,0.0,0.161797645901967,0.1,0.0030946731567382812,0.060631513595581055,0.049729254,0.68212664,19.38539465013854,0.0,0.2390562610226788,0.0,300,0.1922757625579834,0.09625924716626237,0.09509037155932003,235500,19.421002608537094,0.0
785,2.972620725631714,21.913449961705133,1.4608887454105761,23.439267433968254,19.53971527486841,0.0,0.16797977898768737,0.1,0.0029790401458740234,0.05573320388793945,0.04969183,0.7946653,19.6382001812952,0.0,0.2945659923681893,0.0,300,0.027901411056518555,0.08540983998044516,0.03471168571041227,235800,21.542434015022852,0.0
786,2.900914192199707,22.210439679006566,0.2547661607591397,22.409050647538837,21.774808718576303,0.0,0.17692228025500054,0.1,0.004947185516357422,0.054735660552978516,0.049883705,0.648942,19.895424131066335,0.0,0.29852464001593815,0.0,300,0.0577549934387207,0.029832603250739963,0.0108011042391429,236100,20.45866344129197,0.0
787,2.8468499183654785,22.21267164429265,0.8817353133451434,23.213031012233156,20.876173093362596,0.0,0.1757095957314374,0.1,0.0028562545776367188,0.05406951904296875,0.049957823,0.5141579,20.127148882388965,0.0,0.29855147432841206,0.0,300,0.055319786071777344,0.015908475818808613,0.02233456739711624,236400,18.47033772349258,0.0
788,2.8489906787872314,22.631429089460408,0.5570626450709525,23.362675269102457,21.808249993928555,0.0,0.17404494796190598,0.1,0.00292205810546875,0.06084108352661133,0.04990236,0.63419145,20.37757690309611,0.0,0.30413880603873145,0.0,300,1.0189924240112305,0.017332682727313527,0.008746723310651601,236700,21.452043449638527,0.0
789,2.865757703781128,21.847782415690745,0.6651341476916844,22.98672237804274,21.30621904278655,0.0,0.1782459527388989,0.1,0.002969980239868164,0.05971097946166992,0.04953423,0.45609522,20.524597454355572,0.0,0.29366441822301387,0.0,300,0.07804441452026367,0.014162900195879817,0.012040129796255851,237000,13.365369723973096,0.0
790,2.9860095977783203,21.627292511320167,2.139165689593066,23.4327404703455,18.02762144524137,0.0,0.16500667972653452,0.1,0.003413677215576172,0.06084609031677246,0.050064974,1.6286348,20.634866960052033,0.0,0.2907506374404637,0.0,300,0.07354164123535156,0.020123626121400128,0.019826480526291913,237300,18.338174853022682,0.0
791,2.7929787635803223,20.23686013798924,1.2500326380056597,21.45066553697301,18.168959985942774,0.0,0.17839311791307538,0.1,0.0033979415893554688,0.05905342102050781,0.05051822,0.76125765,20.595066277845753,0.0,0.2721931008388615,0.0,300,0.15344476699829102,0.016490526570770984,0.014559327751230852,237600,18.61755776192961,0.0
792,2.8308491706848145,18.074557847191038,4.342674532595766,21.53887454828496,10.738292904052948,0.0,0.16957016660245566,0.1,0.0032930374145507812,0.05923342704772949,0.049545538,0.6569144,20.34301543478028,0.0,0.2433048980931387,0.0,300,0.0363917350769043,0.13999576972173444,0.10496979574482512,237900,20.65829284433363,0.0
793,2.8767898082733154,21.05299246135846,1.9002801707560935,23.541996440265432,18.304010437700526,0.0,0.16178607931540934,0.1,0.0032553672790527344,0.0590205192565918,0.049781017,0.84488624,20.4140131374381,0.0,0.2830926617775834,0.0,300,0.030724287033081055,0.02712795546014628,0.03317876094494107,238200,20.74043339387927,0.0
794,2.8537323474884033,15.97301955648868,6.159545098233989,22.41443700102529,6.717466593764138,0.0,0.16682578698792233,0.1,0.0032453536987304688,0.061521291732788086,0.049803063,0.5096439,19.96991377934316,0.0,0.21533200612999734,0.0,300,0.40047502517700195,0.21706966927839652,0.20025194669629798,238500,17.874811070842586,0.0
795,2.8416085243225098,21.814940070226836,0.8062718398900667,22.38452837619243,20.4242903682243,0.0,0.15968254883591698,0.1,0.5682704448699951,2.262803316116333,0.049957953,0.8631202,20.15441640843153,0.0,0.2932525610237914,0.0,300,0.04535222053527832,0.04400866782911415,0.02885319835839605,238800,17.755025046337106,0.0
796,2.769221067428589,21.71760677587967,1.7722936335265131,23.746003719496347,19.817518088862386,0.0,0.15029273448352873,0.1,0.0030069351196289062,0.056464433670043945,0.049845986,3.5431185,20.31073544517634,0.0,0.291954676429252,0.0,300,0.09725689888000488,0.04284290475490711,0.016507417947778505,239100,18.913594877444208,0.0
797,2.847585678100586,20.60396446434227,1.756461671521771,22.315928069546523,17.775553651354084,0.0,0.1756365394158561,0.1,0.0030684471130371094,0.05987381935119629,0.049846098,0.60784626,20.340058347092935,0.0,0.2771059243297783,0.0,300,0.09999918937683105,0.02198410811707291,0.028104884954160934,239400,17.803931298183187,0.0
798,2.879763603210449,22.147586236482177,1.3936834784827694,23.431035465703623,19.953667157921334,0.0,0.17550445022640976,0.1,0.002965688705444336,0.0560455322265625,0.049783714,1.7124622,20.52081113603186,0.0,0.29768789259172024,0.0,300,0.06634187698364258,0.011528154198860276,0.011456396140881635,239700,18.90040227570191,0.0
799,2.897104501724243,19.022395792732393,2.948644516182644,22.03472232200109,15.315911949531174,0.0,0.16150034962228238,0.1,0.003099203109741211,0.0589299201965332,0.049864646,0.57102734,20.370969601701912,0.0,0.2559336268247302,0.0,300,0.02584528923034668,0.07549374947678901,0.04917617713502363,240000,12.993571768819601,0.0
800,2.854315996170044,21.824281807549635,1.5317227649208935,24.29343375333014,20.225139857071497,0.0,0.16238625725122766,0.1,0.0030477046966552734,0.05871248245239258,0.049623825,1.3854212,20.516300822286684,0.0,0.29337704280035043,0.0,300,1.400883674621582,0.01786291975678897,0.021719380735611343,240300,12.836603575441474,0.0
801,2.8866043090820312,22.16779394791228,1.1837514678800176,23.37166296936282,20.25440956011079,0.0,0.16642853535096255,0.1,0.0030896663665771484,0.05742144584655762,0.04953661,1.0628898,20.681450134849243,0.0,0.2979566235837634,0.0,300,0.04686307907104492,0.024134651986567914,0.010641309386930066,240600,19.70501763354645,0.0
802,2.9295878410339355,21.97495553351505,0.5495000876635758,22.617141894088327,21.332362399983896,0.0,0.16720614369651932,0.1,0.0029785633087158203,0.0598599910736084,0.0496547,0.8841918,20.810800674715825,0.0,0.29538611143618776,0.0,300,0.05716204643249512,0.008192593442819677,0.010304520306225877,240900,11.884239486740826,0.0
803,2.8499975204467773,21.185272282553285,2.4868471771088636,23.540653804640332,17.000311148499804,0.0,0.171321791468787,0.1,0.002900838851928711,0.055022239685058594,0.04972513,0.6694836,20.84824783549957,0.0,0.2848568837774137,0.0,300,0.03943681716918945,0.02880087423900811,0.026278283200298475,241200,21.54936247559294,0.0
804,2.8507611751556396,21.268656984878202,2.688204625893533,23.86397476244785,17.39707464956864,0.0,0.16842841684286422,0.1,0.5316009521484375,7.063971042633057,0.04987047,1.3454422,20.890288750437435,0.0,0.28596838981275674,0.0,300,0.05513763427734375,0.029157391821748757,0.023462089465981363,241500,22.398881615765536,0.0
805,3.0464375019073486,22.299246775523297,0.4259136859278262,22.9933707656025,21.864639952461744,0.0,0.1659503838106175,0.1,0.0030748844146728516,0.05854463577270508,0.049627695,0.6894726,21.031184552946023,0.0,0.2997076834521312,0.0,300,0.13826346397399902,0.006935806770540877,0.006956406443820665,241800,15.37640395962134,0.0
806,3.2029495239257812,21.580303216446843,1.13545300097149,22.882098219629434,20.050310200314286,0.0,0.172213714340152,0.1,0.010972261428833008,0.06375408172607422,0.049984567,0.76659983,21.086096419296105,0.0,0.2901183422153676,0.0,300,0.04373669624328613,0.009298129613984695,0.009031706228795063,242100,14.307916182146807,0.0
807,2.998889207839966,20.617792701667213,0.9808848187666473,21.823328853162213,19.3073164347304,0.0,0.16962436451093418,0.1,0.0035903453826904297,0.06621074676513672,0.049746525,0.6993417,21.039266047533214,0.0,0.2772882431794244,0.0,300,0.07345151901245117,0.009758934990239975,0.007922548731658043,242400,17.772018651049898,0.0
808,2.8234071731567383,15.944555976462992,3.7942180734745654,20.71538506269816,11.673141717594783,0.0,0.16629873388889996,0.1,0.0031380653381347656,0.05465960502624512,0.050360844,0.49890152,20.52979504042619,0.0,0.21447897292557178,0.0,300,0.06294989585876465,0.26001819620709593,0.1322423037713823,242700,16.762458972095796,0.0
809,2.7362308502197266,20.388930982368795,1.6713162881212171,22.21906240041308,17.898613825648546,0.0,0.17351465934645027,0.1,0.006535530090332031,0.054192304611206055,0.050219603,1.1594219,20.515708634620452,0.0,0.27423915598751597,0.0,300,1.4894094467163086,0.025993605154098123,0.04546025095205994,243000,16.64064958781756,0.0
810,3.0773677825927734,22.459542973907748,0.9471131821978404,23.407816933512358,21.21540379811124,0.0,0.17213688576436934,0.1,0.0032930374145507812,0.06469202041625977,0.050150547,0.7015829,20.710092068549184,0.0,0.30184687361145107,0.0,300,0.03519940376281738,0.07987701100896112,0.02515970612917237,243300,14.904511714034534,0.0
811,3.005072593688965,20.89598209278748,2.886566483030564,23.358120874255615,16.139913918027034,0.0,0.16896461926542503,0.1,0.0031371116638183594,0.06115555763244629,0.05002423,0.6621744,20.728681070973014,0.0,0.28099950190453593,0.0,300,1.466813087463379,0.027795134090167532,0.034381173863479615,243600,22.446815241859095,0.0
812,3.0068259239196777,21.40636602101624,2.4165884422017454,23.53619786751069,17.352181308036496,0.0,0.18039417662229845,0.1,0.0032715797424316406,0.06104874610900879,0.049886514,0.49442998,20.796449565977337,0.0,0.287804954035501,0.0,300,0.1670083999633789,0.024558597922707544,0.025132857229261302,243900,20.666255534486428,0.0
813,3.175940990447998,17.22054289162616,4.680277628433077,23.017960648286802,11.960277919092634,0.0,0.1641358582558812,0.1,0.0037674903869628906,0.06346344947814941,0.049947567,0.5644041,20.43885889854222,0.0,0.23199390492915756,0.0,300,0.5346074104309082,0.23718221955425875,0.1358847115661196,244200,12.659284555414532,0.0
814,3.1192803382873535,21.406192863046652,1.188840310500563,22.793759314765808,19.51829914822378,0.0,0.17773681382421117,0.1,0.0034630298614501953,0.062035560607910156,0.050344955,0.7727978,20.535592294992668,0.0,0.2878025983046642,0.0,300,0.057265520095825195,0.02418036665511966,0.04615055855464386,244500,16.425994591550733,0.0
815,3.162114381790161,19.294361613741547,4.709673093844066,23.060058840992642,11.340859339377582,0.0,0.16081490929855438,0.1,0.003143310546875,0.07503747940063477,0.05009101,0.61833465,20.411469226867556,0.0,0.25950215037442503,0.0,300,0.27605175971984863,0.09278150286083259,0.08923998060446782,244800,17.66960978441883,0.0
816,2.85343861579895,21.7802545156642,1.2586257514696715,23.376853771209884,20.1864227407178,0.0,0.17913705488033912,0.1,0.002811431884765625,0.05382347106933594,0.04999705,0.70177275,20.54834775574722,0.0,0.2927901084425779,0.0,300,1.3677213191986084,0.04573567714562499,0.016917758340292754,245100,17.731668001698043,0.0
817,2.9481546878814697,21.96798351191153,0.8891110925342474,23.278989233041884,20.77770870501896,0.0,0.1577218802114752,0.1,0.0029573440551757812,0.16910839080810547,0.049793076,0.9876343,20.69031133136365,0.0,0.295252484026066,0.0,300,0.0997159481048584,0.013673798862999787,0.008359320294183422,245400,16.69388657983032,0.0
818,2.912551164627075,16.22532829092747,3.6543348523724104,21.76235875982269,11.675971807391523,0.0,0.15769442286496302,0.1,0.005156517028808594,0.05769968032836914,0.05002627,0.5786534,20.243813027320034,0.0,0.21822251247191993,0.0,300,0.07572650909423828,0.29697378113846457,0.1586731855460538,245700,19.76360658244195,0.0
819,2.991150379180908,21.056374872901433,1.6577727999309286,23.21994993869431,18.613963645633294,0.0,0.17753449245404343,0.1,0.0030868053436279297,0.06140899658203125,0.050523266,0.72191465,20.325069211878173,0.0,0.28313840111520894,0.0,300,0.17925667762756348,0.014726676476233462,0.037477831579493706,246000,14.540509969192323,0.0
820,2.944108486175537,20.429620697563536,1.6314601330770266,22.720992085223006,18.446226228535792,0.0,0.16594725669095733,0.1,0.004258632659912109,0.06489920616149902,0.04951214,1.0186703,20.33552436044671,0.0,0.27478092631908635,0.0,300,0.16207456588745117,0.039320396233982,0.030394998259694505,246300,15.449736795442698,0.0
821,2.8926172256469727,21.525739073374986,1.3296433566249923,23.12332647834855,19.456493579194262,0.0,0.1705009764159421,0.1,0.0035686492919921875,0.05929088592529297,0.0499281,0.84274936,20.454545831739537,0.0,0.28939635490713805,0.0,300,0.09635066986083984,0.032218954720389506,0.00936772573853724,246600,19.45355156732529,0.0
822,2.8991246223449707,22.521937707580374,1.0445538055547636,23.66410569099248,20.990098978872712,0.0,0.17364675356051765,0.1,0.0032668113708496094,0.05845904350280762,0.04994071,1.4696246,20.66128501932362,0.0,0.3026785863237744,0.0,300,0.03920769691467285,0.011868498960904384,0.009774921376127952,246900,20.655355293672947,0.0
823,2.8183979988098145,21.688218538065122,1.7725308910266255,23.11407519060897,18.75054935723282,0.0,0.20647366588070484,0.1,0.003373861312866211,0.06002187728881836,0.049334385,0.37316152,20.763978371197773,0.0,0.29156234230762207,0.0,300,0.032315731048583984,0.024519030370624476,0.022091588905200663,247200,15.836112214996625,0.0
824,2.9242780208587646,18.547904359795595,4.5991066008731485,22.819168310573254,11.612912902907473,0.0,0.16874464283597423,0.1,0.0032935142517089844,0.05834674835205078,0.05000564,0.47482863,20.542370970057554,0.0,0.2491898652985135,0.0,300,0.046254873275756836,0.17172210542681834,0.10988317388040439,247500,19.81533915836712,0.0
825,2.873267412185669,20.52517739624104,1.4868431776272066,21.951489506400883,18.065208683622572,0.0,0.16563834915837736,0.1,0.0033729076385498047,0.062375545501708984,0.05000989,1.2231532,20.540651612675905,0.0,0.27601385865789657,0.0,300,0.09394168853759766,0.011969335830007602,0.023193245015208978,247800,20.489742225460198,0.0
826,2.954284429550171,16.7600538896178,3.9789928740275036,22.31096942661204,11.619538736836539,0.0,0.15631490186663016,0.1,0.003290414810180664,0.061533212661743164,0.050258636,0.5269148,20.162591840370094,0.0,0.22535146242034654,0.0,300,0.04470682144165039,0.09989869130126298,0.08784538170120948,248100,19.348232560160294,0.0
827,2.98355770111084,19.046471773642367,3.468444650205336,23.555692314080993,14.011904336186108,0.0,0.1619541013239916,0.1,0.0031774044036865234,0.058022499084472656,0.049567923,0.81186527,20.050979833697323,0.0,0.25629604138825407,0.0,300,0.19586658477783203,0.057521822499172995,0.05873712189860596,248400,16.870885185040187,0.0
828,2.8950438499450684,22.38999403315914,0.7693593508811324,23.28594245533495,21.532298350262824,0.0,0.17920325508868873,0.1,0.0031502246856689453,0.057195186614990234,0.05022828,0.74172187,20.284881253643505,0.0,0.30091999205084186,0.0,300,0.15842151641845703,0.06846839695579306,0.02221039507881801,248700,17.897438263944732,0.0
829,2.871708393096924,19.58790848838414,3.6378531729483123,22.10245379072484,13.310937437709676,0.0,0.1638949205560164,0.1,0.0030317306518554688,0.05606842041015625,0.049964502,0.62632364,20.21518397711757,0.0,0.26355710487167816,0.0,300,0.1018064022064209,0.04781785006014015,0.06079309182732566,249000,18.26935225885885,0.0
830,2.891937255859375,18.14958143947466,4.481187285410573,22.76321000139311,11.4231027398578,0.0,0.16420849798498857,0.1,0.0031270980834960938,0.05615687370300293,0.050025422,0.5691843,20.008623723353278,0.0,0.2443808736081511,0.0,300,1.4568865299224854,0.12008258578384186,0.10125651487437616,249300,24.543382614012703,0.0
831,2.902897357940674,22.24983061584711,0.7967810700806999,23.245280978319656,21.038900928921844,0.0,0.16474760491595578,0.1,0.0029828548431396484,0.05585336685180664,0.050010193,1.0054708,20.232744412602663,0.0,0.29905073710272256,0.0,300,0.16213130950927734,0.010367822157494204,0.013395901638440011,249600,20.888089512067346,0.0
832,2.8620259761810303,20.685172632132918,2.071695466977134,22.009488395779613,17.100074122103173,0.0,0.18309639439567962,0.1,0.2620408535003662,0.056348323822021484,0.050183088,0.65815806,20.277987234555688,0.0,0.2781890094146818,0.0,300,0.1308763027191162,0.018970720500588602,0.018519315368271522,249900,15.88625591347674,0.0
833,2.8919899463653564,17.067689923336395,6.8949598891079225,21.84751551240168,5.159104086988194,0.0,0.16405477147235212,0.1,0.003450155258178711,0.05788707733154297,0.05033443,0.3464701,19.95695750343376,0.0,0.22995177838617414,0.0,300,0.2823042869567871,0.21514579351360053,0.17740451701000337,250200,15.948271575102696,0.0
834,2.960434913635254,19.322510213651192,3.997344444335705,23.51910352124249,12.751634616828923,0.0,0.1662839550974763,0.1,0.003078937530517578,0.06007647514343262,0.049494363,1.7766099,19.893512774455502,0.0,0.2600164906645077,0.0,300,0.16569161415100098,0.06638545457396783,0.07118308417739529,250500,16.926990119102527,0.0
835,2.8927862644195557,21.62616970387003,1.4852289427999485,22.831336017516307,19.1043538485595,0.0,0.1720615808507703,0.1,0.0031790733337402344,0.05678081512451172,0.050239924,0.75163764,20.066778467396954,0.0,0.2907356571000234,0.0,300,0.0640249252319336,0.05484201382041251,0.030753603571586827,250800,17.861516458689636,0.0
836,3.0659635066986084,19.600067514332878,2.0319515753721795,22.03005121246125,16.65208203565267,0.0,0.16219926906584553,0.1,0.0029985904693603516,0.058716535568237305,0.050149,0.7570177,20.020107372090546,0.0,0.2634799847479177,0.0,300,1.0250163078308105,0.021492125572135454,0.02405881164061299,251100,16.836666515344753,0.0
837,3.1622257232666016,21.3342725840274,1.4012339852080227,23.328633526076974,19.524466993765746,0.0,0.16004825424252456,0.1,0.0029754638671875,0.05882620811462402,0.050195258,0.81815875,20.15152389328423,0.0,0.28684355874643563,0.0,300,0.05839657783508301,0.010025772348789598,0.009114326560956095,251400,16.88900718349128,0.0
838,3.168225049972534,19.950572536705558,2.6940775051809593,23.17790394832479,16.7749168241046,0.0,0.1657643557969425,0.1,0.003154277801513672,0.05768704414367676,0.04937257,0.578008,20.131428757626363,0.0,0.26839403252395677,0.0,300,0.04572343826293945,0.030063543275511376,0.029661983852085953,251700,16.890367114087525,0.0
839,3.5062012672424316,20.73562646397779,2.3473519458950842,23.24247856076496,16.884142765811617,0.0,0.17021522568823175,0.1,0.0027761459350585938,0.1160433292388916,0.049526192,0.90827197,20.191848528261506,0.0,0.27885387727239214,0.0,300,0.10112714767456055,0.028729225019583585,0.026771220847671588,252000,14.920713577916565,0.0
840,2.726940393447876,22.165010496399603,0.7089333527894023,23.106448127801674,21.371577245728012,0.0,0.1682981054899132,0.1,0.0031402111053466797,0.05581855773925781,0.05011418,0.98549134,20.389164725075315,0.0,0.2979201332856596,0.0,300,0.5364038944244385,0.009314409251231512,0.007613355272124895,252300,15.886183669567707,0.0
841,2.8668007850646973,21.658877825516313,1.5433880893916931,23.820911111062276,19.700432909828365,0.0,0.19219086861405907,0.1,0.0032052993774414062,0.060575246810913086,0.05062371,0.6592804,20.516136035119416,0.0,0.2911717777145182,0.0,300,0.09414243698120117,0.019154909171353096,0.01857770298312109,252600,15.882158198582097,0.0
842,3.0743589401245117,22.892987205656016,0.737751420569578,23.666947082872397,22.0214866042285,0.0,0.16116018363460594,0.1,0.003383159637451172,0.06195068359375,0.04964201,1.4511241,20.753821152173074,0.0,0.3076265231432693,0.0,300,0.05010175704956055,0.006821441846493163,0.003850188094731794,252900,13.925729596808488,0.0
843,3.101496934890747,19.181858163540365,4.617536268300635,23.06923104919485,11.607912056559535,0.0,0.16241266445152044,0.1,0.0032269954681396484,0.06035804748535156,0.05001606,0.46611944,20.596624853309805,0.0,0.2576424734408554,0.0,300,0.23267579078674316,0.12857006562271442,0.10270897012843291,253200,11.60986511916056,0.0
844,3.0682029724121094,21.272602991799047,0.9826590039440581,22.270628825675562,19.835646693427343,0.0,0.17053383228091346,0.1,0.5994572639465332,9.4351065158844,0.050471988,1.0080662,20.664222667158732,0.0,0.2860207125644382,0.0,300,0.2052764892578125,0.006680228219208972,0.01154920116844548,253500,11.620771531219374,0.0
845,2.9563024044036865,21.038042656387866,2.6956047563254852,23.379639040957464,16.50747759379437,0.0,0.1697451473807451,0.1,0.003096342086791992,0.11320686340332031,0.049935333,0.7414099,20.701604666081646,0.0,0.28289383185069605,0.0,300,0.07983851432800293,0.024528997423165354,0.02356792546405611,253800,11.610353797773344,0.0
846,2.9797518253326416,21.790571523928918,0.8664404998668669,22.804372821642804,20.718346979020023,0.0,0.17633843461182408,0.1,0.003264904022216797,0.05783224105834961,0.049334016,0.782434,20.810501351866375,0.0,0.2929273564768911,0.0,300,0.19932150840759277,0.0203666414044505,0.012413941499038239,254100,16.99428967765164,0.0
847,2.893949031829834,21.733665704728494,1.003439633419373,22.549299306469774,20.016216453958435,0.0,0.16288530327275189,0.1,0.0029554367065429688,0.05471491813659668,0.04963579,0.9887747,20.90281778715259,0.0,0.29216204436505283,0.0,300,0.30173397064208984,0.004429771139029659,0.005626739354450492,254400,11.609036621803497,0.0
848,2.989744186401367,19.367239988512786,3.264809926692906,23.30151094951459,15.787953313140166,0.0,0.16684873888366536,0.1,0.0029823780059814453,0.06072688102722168,0.04937594,0.5002301,20.74926000728861,0.0,0.26060752787258645,0.0,300,0.06638908386230469,0.06316807443371929,0.048940885582180085,254700,17.875978818181213,0.0
849,2.9024713039398193,18.76628007721184,5.302202775617454,23.707045000818116,10.928033849831333,0.0,0.17265078864095865,0.1,0.002706766128540039,0.05958747863769531,0.049910903,0.47466674,20.55096201428093,0.0,0.2526037087300862,0.0,300,0.3838768005371094,0.14169647876324004,0.10761658068880449,255000,11.609364433396541,0.0
850,2.999267339706421,21.60038994542201,1.350443575771859,23.002497178107728,19.74442796156053,0.0,0.16307414444529103,0.1,0.002969980239868164,0.0629737377166748,0.050187547,1.3803438,20.65590480739504,0.0,0.2903892666057847,0.0,300,0.0998992919921875,0.027856543482005183,0.028895419800191998,255300,11.607567130659666,0.0
851,2.9737131595611572,19.608333399020715,1.4655209932706548,20.93042255481318,17.13055403377757,0.0,0.1623269391047102,0.1,0.003469705581665039,0.05989670753479004,0.050237905,0.7071172,20.551147666557608,0.0,0.2638311881436997,0.0,300,0.2601008415222168,0.012625287289789601,0.01165446148208203,255600,11.606780611153082,0.0
852,2.953457832336426,20.82534074862714,2.007367417081558,22.934040610769557,18.790567997369063,0.0,0.18407951756972413,0.1,0.003098011016845703,0.05763578414916992,0.050099906,0.61717755,20.578566974764563,0.0,0.28005780954247245,0.0,300,0.06885600090026855,0.019121714124386284,0.017464092530840684,255900,11.60990040080848,0.0
853,2.994516372680664,18.91678698340497,4.37376260242715,22.554854665014247,11.60499942754577,0.0,0.16629212789609063,0.1,0.003046274185180664,0.05941176414489746,0.049934722,0.49926522,20.412388975628602,0.0,0.2540986744130836,0.0,300,1.4490246772766113,0.08675485079756569,0.07851917985862882,256200,11.608538288096666,0.0
854,2.9366888999938965,22.373103455025706,0.8946201963165036,23.42391596981698,20.9632278131804,0.0,0.1764333898141219,0.1,0.5796246528625488,4.130376100540161,0.04960304,0.93150747,20.608460423568314,0.0,0.30069472608515985,0.0,300,0.10152792930603027,0.021179030810536202,0.017542258630474657,256500,11.612827481637149,0.0
855,3.065671920776367,22.02043303718343,1.0105583663933762,23.37372717641832,20.740689138345026,0.0,0.17668345862332538,0.1,0.003130674362182617,0.056099891662597656,0.04979912,0.70989925,20.749657684929826,0.0,0.2959675486702059,0.0,300,0.4926013946533203,0.014108787274687286,0.0068506449714922,256800,11.622567680214582,0.0
856,2.9945285320281982,18.484464390900044,4.273579351358509,23.31067066899228,11.612752990378395,0.0,0.1686031741801487,0.1,0.0031728744506835938,0.05726218223571777,0.04958663,0.45422578,20.523138355526847,0.0,0.24834414257542553,0.0,300,0.10737323760986328,0.12441310272882772,0.10226625541892093,257100,11.623259858465536,0.0
857,3.079677104949951,18.02982783348544,3.5435395860142433,21.177651561004033,12.144720145981742,0.0,0.15267869948136437,0.1,0.003160715103149414,0.05762481689453125,0.049868762,0.5032828,20.273807303322705,0.0,0.24277765434676407,0.0,300,0.1641223430633545,0.08172560243844353,0.05707201495080602,257400,11.616203785724059,0.0
858,2.8604886531829834,19.259514539084922,4.476217586992581,23.017867730497297,11.654015838400644,0.0,0.17653201363378457,0.1,0.0033016204833984375,0.06158924102783203,0.05001676,0.4708525,20.17237802689893,0.0,0.2591800681404869,0.0,300,1.4117727279663086,0.07687944993223053,0.08276541095167284,257700,11.634695478707526,0.0
859,2.859063148498535,19.562160475290163,2.0877467252995245,21.57408965871708,16.071601115480586,0.0,0.19553253803654286,0.1,0.003426790237426758,0.06426811218261719,0.050330568,0.6446771,20.111356271738053,0.0,0.2632155473594559,0.0,300,0.10286116600036621,0.04389555320971834,0.03566036130877872,258000,11.496238335166742,0.0
860,2.863415479660034,16.935084602516888,5.610545626392126,23.600394546310888,11.137564365726899,0.0,0.16446250429959777,0.1,0.0033533573150634766,0.05763101577758789,0.050151195,0.5404954,19.793729104815938,0.0,0.22768482268169996,0.0,300,0.03940892219543457,0.14695442659743924,0.1476947008992532,258300,11.664298886837258,0.0
861,2.919983386993408,20.04861673319137,3.493145513822265,22.577221688642823,14.047516398723767,0.0,0.15695017436349534,0.1,0.003203868865966797,0.057537078857421875,0.049851127,0.6235153,19.81921786765348,0.0,0.2694789707367717,0.0,300,0.1962435245513916,0.042928087365481,0.034561972972168786,258600,11.639116681324522,0.0
862,2.8460288047790527,21.535879428572866,1.3309420835299608,23.35525417853749,19.618499316278466,0.0,0.17299423673970532,0.1,0.003770112991333008,0.06000185012817383,0.049962852,1.0771277,19.99088402374542,0.0,0.2895317693146704,0.0,300,0.14141464233398438,0.02038121867988577,0.010621452034857554,258900,11.646873028601265,0.0
863,2.9204185009002686,21.332101762343374,1.5275964667336106,22.960364936885863,18.99524545504886,0.0,0.15461803424704434,0.1,0.0029878616333007812,0.05821108818054199,0.049901042,0.91670847,20.125005797605212,0.0,0.28675594056552406,0.0,300,0.03903555870056152,0.008846851424658058,0.009176709304344638,259200,11.647456027281185,0.0
864,2.8778769969940186,20.226754571157404,0.6159693871021802,20.803933049335008,19.188628356275775,0.0,0.17096922339904416,0.1,0.0031800270080566406,0.0613713264465332,0.050586212,0.59767246,20.13518067496043,0.0,0.2720760801106389,0.0,300,0.28012728691101074,0.01633026022110158,0.009919839043941019,259500,15.961581605622596,0.0
865,2.993253469467163,20.97019280880269,1.2341065074204898,22.254244099390828,19.16907861888933,0.0,0.17802195840283203,0.1,0.0030984878540039062,0.05912327766418457,0.049842868,0.54984725,20.218681888344655,0.0,0.2819791608517386,0.0,300,0.02660989761352539,0.012123675945558375,0.010920590441856188,259800,16.964708145583472,0.0
866,3.0504491329193115,21.5367075855035,1.181942249565353,23.1021161128464,19.791419204348873,0.0,0.17052606431259476,0.1,0.0030260086059570312,0.18080687522888184,0.049629606,0.7046815,20.350484458060542,0.0,0.289542107478903,0.0,300,0.10200929641723633,0.011298062261452592,0.01136194416815149,260100,15.919616003689748,0.0
867,3.0326993465423584,20.293185381774858,2.2340067421750973,23.367754943274225,18.129524007990696,0.0,0.1644288043302695,0.1,0.006612062454223633,0.055677175521850586,0.049602628,0.65318304,20.344754550431972,0.0,0.2729625107528577,0.0,300,0.1396327018737793,0.02351755958607277,0.023041102171163855,260400,20.931325416535945,0.0
868,3.0086073875427246,22.551507258839948,1.0823782948575815,24.171311814796535,21.12217721444063,0.0,0.16932427250134163,0.1,0.0030498504638671875,0.05944657325744629,0.049363773,0.6026403,20.56542982127277,0.0,0.30253355098430046,0.0,300,0.2362818717956543,0.021160000021847307,0.01364115205180554,260700,17.8898735230187,0.0
869,3.1377294063568115,17.090455004475164,4.127879501305147,22.734292361594242,11.674810826395632,0.0,0.15674242286169826,0.1,0.5556211471557617,1.940485954284668,0.049330227,0.4639514,20.21793233959301,0.0,0.22975732350953626,0.0,300,0.055721282958984375,0.17036794254890839,0.12361513075874592,261000,13.43475093036722,0.0
870,2.938568353652954,21.715783097519555,0.4191442089567893,22.249185267378355,21.073809083054968,0.0,0.15851337162531523,0.1,0.0028929710388183594,0.05543804168701172,0.050111845,0.99861157,20.367717415385663,0.0,0.291927791242009,0.0,300,0.1070718765258789,0.014592829937628785,0.023140688916421768,261300,12.552235121722562,0.0
871,3.082784414291382,21.41847017724797,1.451881009692551,23.16651791192951,19.13854743617059,0.0,0.16370189908743552,0.1,0.0030007362365722656,0.054859161376953125,0.050332874,0.96067107,20.472792691571893,0.0,0.2879663113574962,0.0,300,0.040266990661621094,0.030530712040295914,0.011460865407276255,261600,15.42973266227918,0.0
872,3.226555109024048,19.74704651197106,1.0226642597042392,20.998126160835216,18.38661561136496,0.0,0.1746195698597582,0.1,0.0031461715698242188,0.06331801414489746,0.04923252,0.6069178,20.40021807361181,0.0,0.26568067703624537,0.0,300,0.1584944725036621,0.010040670726482338,0.015969889786767277,261900,13.830116182649212,0.0
873,3.1132218837738037,21.93024265606785,0.4257492916509777,22.624481237106796,21.466015981704164,0.0,0.1714716628318788,0.1,0.003406047821044922,0.06422114372253418,0.049779523,0.8464801,20.553220531857413,0.0,0.29478984002591013,0.0,300,0.11975526809692383,0.008615622740268376,0.0077168807799626255,262200,20.809865367365255,0.0
874,3.145465612411499,20.555583412912206,1.6829200439292546,22.496834161443623,18.591754968481116,0.0,0.17286384046171746,0.1,0.5657687187194824,9.063830614089966,0.049912192,0.629872,20.553456819962893,0.0,0.2764566374202646,0.0,300,0.2022111415863037,0.021645087479316764,0.01868580405088812,262500,14.416430356302408,0.0
875,2.9082939624786377,20.83265655489296,0.5655954286298651,21.731927727217474,20.180656597192552,0.0,0.17549370859547017,0.1,0.0065708160400390625,0.06105923652648926,0.04952785,1.1610389,20.5813767934559,0.0,0.2801052479787781,0.0,300,0.06125974655151367,0.007751655184797406,0.007601762839913638,262800,18.80537738827922,0.0
876,2.9691905975341797,17.316001142592604,3.8078997999096784,22.704188357873274,11.936499278065497,0.0,0.17360158677213802,0.1,0.0032584667205810547,0.05620312690734863,0.049480427,0.5169096,20.254839228369573,0.0,0.23326585570483338,0.0,300,0.10006022453308105,0.10066936545017943,0.07258200490281173,263100,15.841664813957662,0.0
877,2.8856029510498047,18.966992852692336,4.340641382111971,22.48060942420021,11.630202267556346,0.0,0.16518824196877205,0.1,0.003010988235473633,0.057779788970947266,0.04977486,0.48886174,20.126054590801846,0.0,0.25477810406831786,0.0,300,0.055538177490234375,0.08132959416278945,0.084006220934616,263400,16.91440256470725,0.0
878,3.052450180053711,21.125496932245436,1.5120845979520414,23.344995209339917,19.134951379137974,0.0,0.17093953896093547,0.1,0.0031049251556396484,0.0586545467376709,0.050071564,0.84456927,20.225998824946206,0.0,0.2839983886120262,0.0,300,0.03821897506713867,0.03263346624630126,0.020507328869729127,263700,20.371445765242846,0.0
879,3.0138285160064697,19.566002827115888,2.6481588728853334,22.66690954133947,15.751601072191942,0.0,0.1634517128735969,0.1,0.0030269622802734375,0.058542728424072266,0.04978453,0.8193265,20.159999225163173,0.0,0.26324930345911746,0.0,300,0.038753509521484375,0.027345299109511462,0.02866245818344548,264000,11.612483753028199,0.0
880,2.9908547401428223,19.749153111730077,4.676003031699686,22.823304861773156,11.668925055943403,0.0,0.16452721624858488,0.1,0.003026723861694336,0.062293052673339844,0.049821127,0.41577157,20.11891461381986,0.0,0.2652069374166446,0.0,300,0.0655827522277832,0.07507725302439623,0.07524854385680077,264300,19.75327820123161,0.0
881,3.0510308742523193,20.197784747221114,0.6272051415126786,21.22277641073749,19.545140346197535,0.0,0.16164579175282912,0.1,0.003040313720703125,0.0583345890045166,0.050140478,0.8223052,20.12680162715999,0.0,0.27168936122610754,0.0,300,0.028809070587158203,0.0033504163272068295,0.0029983065178992995,264600,16.85467466791737,0.0
882,2.926302194595337,20.932643481701586,2.006506890939981,22.608956228996085,17.50455119116331,0.0,0.16084680735821982,0.1,0.0030760765075683594,0.05706167221069336,0.049936328,0.88360506,20.20738581261415,0.0,0.281486623322146,0.0,300,0.18443036079406738,0.017050583449461806,0.016354728883512765,264900,6.542856816714316,0.0
883,3.0727272033691406,20.611874395407177,2.042967609861577,22.776527749500048,17.275100618921822,0.0,0.17217552144871937,0.1,0.0031130313873291016,0.05930185317993164,0.05006989,0.5898652,20.24783467089345,0.0,0.2771823728989701,0.0,300,0.13376712799072266,0.022602485610360424,0.021184940639654728,265200,16.29544687811404,0.0
884,3.01674485206604,21.135591941182604,2.0311879269407966,23.042071417246916,17.955977226406574,0.0,0.15519905125018413,0.1,0.003173828125,0.05751395225524902,0.05000976,0.8662361,20.336610397922364,0.0,0.2841945876460378,0.0,300,0.07558679580688477,0.015488727095389681,0.014884635297081818,265500,16.303566518294485,0.0
885,3.0086352825164795,21.55264775105176,1.1906095892293702,23.148068505327917,19.790293137922408,0.0,0.17570411851829484,0.1,0.003154277801513672,0.05978226661682129,0.050195936,0.9423805,20.458214133235305,0.0,0.28975522606754184,0.0,300,0.02575969696044922,0.012257852160294033,0.01091078838368086,265800,16.299093649326313,0.0
886,3.00946307182312,21.312722648813043,1.945701922172676,23.768860842712087,18.332567474499406,0.0,0.16954593392552886,0.1,0.5398025512695312,3.767932891845703,0.04982331,0.71026224,20.54366498479308,0.0,0.2865561007056747,0.0,300,0.07004237174987793,0.0153400080080653,0.01535882600812144,266100,17.293278014768877,0.0
887,2.936009168624878,21.268414772008867,1.1202371158337152,22.689724415508984,19.687362656959138,0.0,0.1629784032483402,0.1,0.00313568115234375,0.05660748481750488,0.050206516,1.2456793,20.61613996351466,0.0,0.2859655222639166,0.0,300,0.06711816787719727,0.006705986769386725,0.006107414121266331,266400,19.20983624156272,0.0
888,2.981443166732788,19.59364288667738,1.8415469720049313,21.389663442919005,16.647781695936192,0.0,0.16203579838807558,0.1,0.003029346466064453,0.05645489692687988,0.049404316,0.651307,20.513890255830933,0.0,0.2636350073361856,0.0,300,0.06875872611999512,0.03253736595397993,0.019931159537175096,266700,18.77897784816371,0.0
889,2.960998773574829,19.64411846212048,2.6288582684906294,22.59831185010453,15.941622634326833,0.0,0.1710310361607581,0.1,0.0033915042877197266,0.06138896942138672,0.050341826,0.61922324,20.42691307645989,0.0,0.26430781369668266,0.0,300,1.382134199142456,0.030252837897911222,0.03088870158907923,267000,14.25070662550501,0.0
890,2.9362592697143555,15.830274566086473,3.7004296105024896,20.132697532508832,11.863661825983657,0.0,0.16261739916298346,0.1,0.0033206939697265625,0.0646505355834961,0.050571516,0.48102564,19.96724922542255,0.0,0.2134564068131803,0.0,300,1.418628454208374,0.19129471302204426,0.1217740438305975,267300,20.29478734553304,0.0
891,2.903107166290283,21.026833393159883,2.852107103993429,23.44299642636673,16.165873046095168,0.0,0.17339989332652772,0.1,0.0032167434692382812,0.05888652801513672,0.04981391,0.72479534,20.073207642196284,0.0,0.28273641525967286,0.0,300,1.4430370330810547,0.08759489881229325,0.07749972834356063,267600,16.387747915008987,0.0
892,2.9291045665740967,20.4209903232785,0.9584679915557125,21.810141615755903,19.350029419943123,0.0,0.16732209864771155,0.1,0.0033082962036132812,0.06383442878723145,0.04986623,0.82289165,20.107985910304507,0.0,0.27466632320081097,0.0,300,0.04254865646362305,0.03553985705368502,0.00768209009552415,267900,19.656823961342727,0.0
893,2.982210636138916,22.3022212436299,1.019413882805146,23.60183714244945,20.925702913188033,0.0,0.1636572040322537,0.1,0.0035753250122070312,0.06097531318664551,0.04964637,1.2559507,20.327409443637045,0.0,0.29974969119525524,0.0,300,0.2841341495513916,0.024769818757238538,0.007512431292558386,268200,20.534656601593127,0.0
894,2.9411070346832275,21.013942312933292,1.7241381421715205,22.6107390417209,18.277689215782406,0.0,0.18024325014191384,0.1,0.003265380859375,0.06033730506896973,0.050238535,0.65240633,20.396062730566673,0.0,0.28257173265143753,0.0,300,0.2133350372314453,0.01701703666374522,0.02432003664689486,268500,21.799745658938196,0.0
895,2.967313051223755,21.015466382724917,0.7436066634613971,21.745060593581307,19.84718390089202,0.0,0.16111542380051067,0.1,0.0029120445251464844,0.05559039115905762,0.049594626,1.1327733,20.458003095782498,0.0,0.2825882519364729,0.0,300,0.024997472763061523,0.013000478646289258,0.005926086181572028,268800,20.918209995547603,0.0
896,2.929595470428467,22.039679251992634,1.1402530853794604,23.322346509132323,20.600262582416452,0.0,0.16856196590531988,0.1,0.007300376892089844,0.056447505950927734,0.049771488,1.0436398,20.616170711403512,0.0,0.2962490903438325,0.0,300,0.05220794677734375,0.005972139511554895,0.007383195623849145,269100,19.811658723562424,0.0
897,3.068380117416382,21.501655043517594,1.2531024917215368,22.51413566977372,19.400333702162943,0.0,0.1643665957482935,0.1,0.5676171779632568,0.9066643714904785,0.050404888,0.64360535,20.70471914461492,0.0,0.2890754675927258,0.0,300,0.1210031509399414,0.009027254402369853,0.008069132157485564,269400,13.893350341475676,0.0
898,3.234342575073242,21.37105175848071,1.8215712360116316,23.488356532609313,18.846849099877247,0.0,0.16096885659030752,0.1,0.0032379627227783203,0.10917448997497559,0.049221154,1.4684752,20.771352406001498,0.0,0.2873321299183301,0.0,300,0.37348294258117676,0.020920044753253975,0.019826701794327013,269700,14.894491510818064,0.0
899,3.1889543533325195,21.126246210057197,0.5288493054445201,21.9378807278495,20.499067597299856,0.0,0.1559538177925183,0.1,0.0033075809478759766,0.06129598617553711,0.049925797,0.99122477,20.806841786407066,0.0,0.2840695404480026,0.0,300,0.18254566192626953,0.0033823992528012967,0.0034716010998396382,270000,15.852828540836674,0.0
900,3.050135612487793,20.61595745309209,1.902907589180319,22.787877842895135,17.839788598827024,0.0,0.18333997416482956,0.1,0.0029909610748291016,0.055402517318725586,0.04991208,0.5671581,20.78775335307557,0.0,0.2772661666671292,0.0,300,1.4457690715789795,0.021439334392063327,0.01763805274317209,270300,16.8616085454894,0.0
901,3.2065343856811523,20.524935240533296,1.235857881758021,22.231258324171403,18.89963715907832,0.0,0.16747814142432696,0.1,0.003248453140258789,0.06017160415649414,0.049590282,0.74823487,20.76147154182134,0.0,0.27605224640198106,0.0,300,0.13737845420837402,0.008125915670821392,0.0072112553281306856,270600,15.865544024980059,0.0
902,3.196474313735962,22.281282170853444,0.44326536656112525,22.704813872905273,21.563953863532245,0.0,0.18663319113145227,0.1,0.003161907196044922,0.06024909019470215,0.050278198,0.80153185,20.91345260472455,0.0,0.29946961014477314,0.0,300,0.10258960723876953,0.019016472526149658,0.009873378498817692,270900,13.853438657093998,0.0
903,2.9847006797790527,18.32110918675144,4.431517300306444,23.2136576475295,12.147942875970354,0.0,0.17485665368087652,0.1,0.0029211044311523438,0.054825544357299805,0.049828053,0.52032363,20.65421826292724,0.0,0.24665597493936436,0.0,300,0.1082296371459961,0.11593506476371448,0.10575096834435747,271200,11.625814521296448,0.0
904,3.016608476638794,22.53175061005856,0.7087373537179105,23.221251163286624,21.379202732675605,0.0,0.17089560055939945,0.1,0.0029129981994628906,0.05903482437133789,0.05024597,1.0085909,20.841971497640372,0.0,0.3028089925245699,0.0,300,0.1587371826171875,0.02117117829321892,0.01550401114461319,271500,15.843677055700617,0.0
905,3.1040916442871094,18.53418180980735,4.179100420646116,22.606675704441233,11.60561171080176,0.0,0.1559190939826194,0.1,0.0030477046966552734,0.05677318572998047,0.049615655,0.4545758,20.61119252885707,0.0,0.24897032618783874,0.0,300,0.18416857719421387,0.09712900736796229,0.08494776128263326,271800,16.725293540689023,0.0
906,2.9610769748687744,21.47432269173521,1.41936445556633,23.26473511049236,19.566239307785423,0.0,0.17921334755112245,0.1,0.003851652145385742,0.061743974685668945,0.050010353,0.7690931,20.697505545144885,0.0,0.28871102943874427,0.0,300,0.33973073959350586,0.01371688032539982,0.014658264161848117,272100,11.64640732317581,0.0
907,2.8880274295806885,21.401035250906347,1.2559402327994886,22.44206198504261,19.279752515413815,0.0,0.16523572549355403,0.1,0.0032138824462890625,0.05577588081359863,0.050137468,0.89633584,20.76785851572103,0.0,0.2877327313910548,0.0,300,0.05406665802001953,0.013394413521990242,0.006749897126915228,272400,11.642390917126809,0.0
908,2.9330406188964844,21.779744568594868,0.9609033420539805,22.786102714398808,20.748092933652657,0.0,0.1900058599011897,0.1,0.003076791763305664,0.05614972114562988,0.049972057,0.6964137,20.869047121008418,0.0,0.29278333712925275,0.0,300,0.043267250061035156,0.00912178256929615,0.009200788965086635,272700,11.658513674051664,0.0
909,2.951972723007202,20.936872830767744,1.2566209384460414,22.809251588599544,19.27683617711957,0.0,0.16303865569663215,0.1,0.003281116485595703,0.06714081764221191,0.05001377,0.63114715,20.87582969198435,0.0,0.2815430334759157,0.0,300,0.029695749282836914,0.016093403735452025,0.011885529650503395,273000,11.64475162191748,0.0
910,2.9810125827789307,18.15152977102372,4.447861847997627,22.546689327092274,11.619169029853587,0.0,0.1541971086639729,0.1,0.0032110214233398438,0.05893731117248535,0.05009026,0.49984136,20.60339969988829,0.0,0.24390524453082568,0.0,300,0.05809354782104492,0.14888848915645317,0.10758186075656255,273300,11.664908196265827,0.0
911,3.0256760120391846,20.344499220606046,2.0167968913076186,23.113900479165643,17.465805416879448,0.0,0.16659066426263905,0.1,0.003190755844116211,0.058670759201049805,0.04987599,0.92854756,20.577509651960067,0.0,0.27364568785386423,0.0,300,0.10564947128295898,0.03354287333472731,0.04316003779068409,273600,17.137048093139807,0.0
912,2.9630846977233887,21.52946705738981,0.6663371690935731,22.543901777500572,20.855295928410612,0.0,0.16239535943863637,0.1,0.003258228302001953,0.06340384483337402,0.050239548,0.9615736,20.67270539250304,0.0,0.2894462888564969,0.0,300,0.07924485206604004,0.0285944384116875,0.012923526227720212,273900,17.346124547414895,0.0
913,2.916496515274048,17.861207359521092,3.671865248211421,21.01845530083958,11.603713534906868,0.0,0.16091770861813412,0.1,0.0032358169555664062,0.06239056587219238,0.049727883,0.37821832,20.39155558920485,0.0,0.24003408677788513,0.0,300,0.04228401184082031,0.08521438589033328,0.0854704256374628,274200,17.063194521104325,0.0
914,2.9554975032806396,18.933088455913744,0.43252346823355636,19.624758852432844,18.56483655976575,0.0,0.1684792180461631,0.1,0.003106355667114258,0.06905627250671387,0.050296947,0.55827993,20.24570887587574,0.0,0.25482637625802074,0.0,300,0.7911913394927979,0.008239307400407075,0.005190025105693257,274500,18.008919015044707,0.0
915,3.0059354305267334,20.809188613320046,2.251370054719762,23.246760291331977,17.881553298937295,0.0,0.16980074471911216,0.1,0.0030837059020996094,0.05829501152038574,0.04968722,0.85434073,20.302056849620172,0.0,0.2798422125834421,0.0,300,0.1009678840637207,0.032219877258831825,0.028223285894933527,274800,15.31403398056211,0.0
916,2.976778268814087,20.381333030782365,3.1888150022137034,23.6956355817749,15.334761315207954,0.0,0.16678295329427187,0.1,0.003027200698852539,0.05853843688964844,0.050327435,0.92439455,20.309984467736392,0.0,0.2741376874764305,0.0,300,0.14428162574768066,0.04150854713155449,0.03909853058749342,275100,17.05689569612256,0.0
917,3.0086092948913574,20.343368128328194,2.6549517132341727,23.481852497656053,16.30767845633303,0.0,0.17947701318262083,0.1,0.0030515193939208984,0.06149911880493164,0.049876146,0.58636624,20.313322833795574,0.0,0.2736302950604256,0.0,300,0.13750791549682617,0.042369917596995876,0.041231754222163214,275400,16.089702131986822,0.0
918,2.990600824356079,20.978138930143118,0.929880186379823,22.447459010473825,19.880351153818435,0.0,0.1866321914469344,0.1,0.003187417984008789,0.05756640434265137,0.049625807,0.6162617,20.37980444343033,0.0,0.282095261924815,0.0,300,0.043151140213012695,0.011398907542273701,0.01053155640485943,275700,16.95834573251029,0.0
919,3.054933786392212,21.40121887052095,1.7998051347593935,23.246761915344113,18.88319604905211,0.0,0.16586380506682108,0.1,0.0030736923217773438,0.05817818641662598,0.049868606,0.9518086,20.481945886139396,0.0,0.2877323030974738,0.0,300,0.1116635799407959,0.013573541021937967,0.012140799009471704,276000,17.998858913572867,0.0
920,3.0090043544769287,13.976846143045872,3.4365173147293127,19.90773805544134,11.614081879017856,0.0,0.15180803521541214,0.1,0.0037152767181396484,0.06056499481201172,0.049990263,0.6329773,19.831435911830045,0.0,0.18824275486243608,0.0,300,0.03335380554199219,0.5381307555126817,0.25064360131504415,276300,18.1583517946072,0.0
921,3.0372161865234375,22.158244366385286,0.8338178444162277,23.53832232591372,21.301972015606978,0.0,0.16371919622646788,0.1,0.002963542938232422,0.057936906814575195,0.050283704,1.0260373,20.064116757285568,0.0,0.2978299757498332,0.0,300,0.06551814079284668,0.07343744539446169,0.096920974381586,276600,18.062480518921035,0.0
922,3.0171844959259033,19.79424058798972,1.930781976198624,21.665157254429246,16.960020545865607,0.0,0.16219471644452038,0.1,0.0031561851501464844,0.06418037414550781,0.050088182,0.92427117,20.037129140355983,0.0,0.26630992055784386,0.0,300,0.07377290725708008,0.0379503681092205,0.014828486688666154,276900,16.37825349904838,0.0
923,3.023200750350952,21.96889734856895,0.3416097566693339,22.553458203302895,21.697778355620194,0.0,0.16261603043574346,0.1,0.0029892921447753906,0.060929298400878906,0.050055593,0.915071,20.23030596117728,0.0,0.2953009648526345,0.0,300,0.03246021270751953,0.03382112797928339,0.0031772995234205423,277200,19.04438673717949,0.0
924,3.176961898803711,20.45608496375744,1.9314059597348663,22.756926154186637,17.859439664171166,0.0,0.16924932031286027,0.1,0.0029981136322021484,0.05895733833312988,0.05000368,0.7778565,20.252883861435297,0.0,0.2751344579813554,0.0,300,0.028676509857177734,0.019136644482791055,0.031383746546963506,277500,16.008611100650572,0.0
925,3.127511739730835,18.450468944988515,2.0418688282118755,20.76864830356093,15.402222153550838,0.0,0.16852300149037946,0.1,0.0030891895294189453,0.06184029579162598,0.050189603,0.56980133,20.072642369790618,0.0,0.24839298647023716,0.0,300,0.042706966400146484,0.10887340255792949,0.04350592474183346,277800,18.183145167236386,0.0
926,3.025200128555298,19.33857682779818,4.559963811496678,23.51357974961896,11.634848401922037,0.0,0.15704519431715905,0.1,0.559603214263916,2.6447203159332275,0.05013413,0.53492445,19.999235815591376,0.0,0.2597325683114117,0.0,300,0.040378570556640625,0.08981672661148025,0.0870342287053474,278100,18.93078390863678,0.0
927,3.0438332557678223,22.10203874572051,0.4456153181530303,22.86204522572473,21.721835031417513,0.0,0.1616876794584792,0.1,0.002984762191772461,0.05681300163269043,0.049590174,0.8346418,20.20951610860429,0.0,0.2970805886311843,0.0,300,0.1173558235168457,0.05552663618714602,0.03931825457759634,278400,13.887644704043216,0.0
928,3.8398592472076416,21.693798297883227,1.6538745708399065,22.78427583076624,18.833774770691818,0.0,0.1785417880183583,0.1,0.0034546852111816406,0.06352400779724121,0.049808368,0.70978636,20.357944327532184,0.0,0.2916373512488689,0.0,300,0.19786334037780762,0.04815385723416095,0.011521064715513023,278700,11.894530811815471,0.0
929,3.1370677947998047,20.86893878515945,1.810802941022688,23.74408990311895,18.837156617993138,0.0,0.17351431683111626,0.1,0.0035147666931152344,0.06625032424926758,0.050418258,0.6147532,20.40904377329491,0.0,0.2806378735278641,0.0,300,0.10490036010742188,0.019113498799404983,0.02927750474400574,279000,18.843584830691487,0.0
930,3.114500045776367,21.825701653496644,1.4190782035735952,23.579687899468478,20.087343112526078,0.0,0.16442287968808428,0.1,0.0035452842712402344,0.06424164772033691,0.050346795,0.7157856,20.550709561315085,0.0,0.2933959791700868,0.0,300,0.18431830406188965,0.009007369736506402,0.007356729869586402,279300,17.868282541780534,0.0
931,2.986865758895874,18.551912677177924,2.351258580134815,21.422615169707026,15.169005827825497,0.0,0.17017183744117775,0.1,0.0031638145446777344,0.14598560333251953,0.049560662,0.50753075,20.350829872901368,0.0,0.2497455744742726,0.0,300,0.16622662544250488,0.07994940563277707,0.033430144032881484,279600,18.850076850327522,0.0
932,3.037069797515869,15.87644398836212,4.487096082655683,22.116371914928585,11.602830531634092,0.0,0.1691401297861526,0.1,0.002997159957885742,0.05645465850830078,0.049892142,0.5478006,19.903391284447444,0.0,0.21306680186941818,0.0,300,0.02584052085876465,0.21797595672766906,0.1423866628718664,279900,15.165354415315525,0.0
933,2.9474575519561768,20.895123032410584,1.9710492203587962,23.71156725677597,18.902847004962737,0.0,0.16245146636700802,0.1,0.0031065940856933594,0.0567927360534668,0.04955554,1.2792888,20.002564459243757,0.0,0.28098742646070185,0.0,300,0.24207019805908203,0.06944875556754097,0.07439031082178021,280200,13.95803984977485,0.0
934,3.0179858207702637,19.48651574383382,4.538633211687396,22.75948719556405,11.658158473053632,0.0,0.16954241901636682,0.1,0.0030014514923095703,0.06118154525756836,0.049721252,0.51834637,19.950959587702766,0.0,0.26170509821315613,0.0,300,0.12394499778747559,0.09298128026449493,0.07307602911213591,280500,18.864104340792753,0.0
935,3.0502166748046875,20.351788263526895,2.7489551175347593,22.173403629030947,15.603780584606136,0.0,0.16649871656576162,0.1,0.0038688182830810547,0.06188821792602539,0.04969999,0.8188572,19.991042455285182,0.0,0.2737438671346803,0.0,300,0.29756593704223633,0.04696305134448206,0.034947909840971104,280800,18.860092865938693,0.0
936,3.021402597427368,21.803305892700802,1.8871128815140144,23.866943319184102,18.72670215998643,0.0,0.17617114026073172,0.1,0.0030448436737060547,0.05912637710571289,0.04962846,2.6523888,20.172268799026746,0.0,0.29309748237943223,0.0,300,0.21326446533203125,0.023023106080538865,0.01565070673918727,281100,19.866337612829085,0.0
937,3.0186164379119873,18.963903155932858,4.406192909651277,22.954640649860067,11.678537801783186,0.0,0.16569281027686647,0.1,0.0030236244201660156,0.06065940856933594,0.049840696,0.5700709,20.05143223471736,0.0,0.2547369395539236,0.0,300,0.10858297348022461,0.1288873568341921,0.11790986917793457,281400,21.006910876278678,0.0
938,3.080115795135498,22.48508828490764,1.5094943387403028,23.52657800247869,19.884850470261537,0.0,0.17085476978437372,0.1,0.0031859874725341797,0.06081700325012207,0.050131258,1.3440813,20.29479783973639,0.0,0.30216899881625436,0.0,300,0.13752269744873047,0.011474264237581086,0.014160977079827905,281700,15.797783943431547,0.0
939,3.126929521560669,21.31054416727278,0.8660058188641314,22.111737243326715,19.896231902665658,0.0,0.18429800479275263,0.1,0.0028307437896728516,0.055483102798461914,0.049777973,0.46167287,20.39637247249003,0.0,0.28652731451889146,0.0,300,0.16662073135375977,0.02363652068852655,0.02245134666531523,282000,18.86428603543865,0.0
940,3.0464959144592285,21.033187218336074,1.8748818484042442,23.12049420709656,18.00033130602354,0.0,0.17020604927215882,0.1,0.0030546188354492188,0.0647130012512207,0.050068986,0.73701066,20.460053947074634,0.0,0.2823085420909086,0.0,300,0.16627216339111328,0.0166419044259133,0.016029260576945422,282300,18.84363731444284,0.0
941,3.048614978790283,17.870167083893335,4.395485492159337,21.7600358833091,10.650706448177061,0.0,0.1529551240356594,0.1,0.003475666046142578,0.05900311470031738,0.04956764,0.5302023,20.201065260756504,0.0,0.24065552169283033,0.0,300,0.16423511505126953,0.12080089582755364,0.08492319348154347,282600,18.829937922033515,0.0
942,3.0935757160186768,18.416552070537094,4.065313952963779,22.07462926037256,11.621800261161324,0.0,0.15981737856794742,0.1,0.0030608177185058594,0.05704855918884277,0.05017706,0.5129356,20.022613941734562,0.0,0.24743888623169463,0.0,300,0.12230205535888672,0.0788399563347359,0.07929374048199282,282900,17.83313434681056,0.0
943,3.051445960998535,20.518689579118643,2.276663111458272,23.644782806007584,18.080020417393612,0.0,0.16373600695453308,0.1,0.0029511451721191406,0.05473160743713379,0.050144173,0.877729,20.07222150547297,0.0,0.27596768789538323,0.0,300,0.05414557456970215,0.04282558959090568,0.032721238290071494,283200,19.877037331453604,0.0
944,3.1593122482299805,21.640985640984944,1.2856610096595784,23.03724476566945,19.858632767332452,0.0,0.17193101469816122,0.1,0.5311331748962402,0.8315529823303223,0.05020171,0.6500235,20.22909791902417,0.0,0.2909332157971109,0.0,300,0.12387561798095703,0.034607996975249716,0.015408843819752067,283500,17.896676333701183,0.0
945,3.0462374687194824,20.602424363157365,1.6633489382096305,22.594888415718113,18.887803093983308,0.0,0.16314711202279863,0.1,0.0029647350311279297,0.06013202667236328,0.04980281,0.75942385,20.26643056343749,0.0,0.27708570312150616,0.0,300,0.10637044906616211,0.01285719830224653,0.018720556876362256,283800,17.967171107753632,0.0
946,3.0526034832000732,22.148284541840813,1.3085022432704172,23.01592761875,19.88775688389746,0.0,0.16858230068254376,0.1,0.0030477046966552734,0.0546269416809082,0.049756832,0.7074592,20.454615961277824,0.0,0.29769713384122826,0.0,300,0.14253497123718262,0.011717040704020604,0.011027030466006064,284100,18.103882737183543,0.0
947,3.0251641273498535,21.076467861852443,1.0955352452897824,22.805224856499457,19.89369873766383,0.0,0.17447384715119907,0.1,0.0041103363037109375,0.0623927116394043,0.049482334,0.890336,20.516801151335287,0.0,0.28339334714819164,0.0,300,0.06433749198913574,0.011024425055834392,0.008096696235794862,284400,14.995747109818694,0.0
948,2.911760091781616,19.722799242407838,2.8162855331263095,22.42915630422453,14.995277847551268,0.0,0.16512142694393447,0.1,0.003304004669189453,0.057993412017822266,0.050227918,0.4796506,20.43740096044254,0.0,0.2653573699883324,0.0,300,0.17660307884216309,0.0387889225839863,0.02715457795874855,284700,22.791142210187527,0.0
949,3.054095983505249,20.509967700251313,1.837642168131627,23.40385383580698,18.33269368401001,0.0,0.1833612313402507,0.1,0.003283977508544922,0.06059885025024414,0.05010074,0.7068463,20.44465763442342,0.0,0.27581640163583104,0.0,300,0.17150378227233887,0.014781678069925218,0.016952499131832742,285000,22.79409530867152,0.0
950,3.011294364929199,22.179672765757307,1.1888278402590846,23.667212588305176,20.473585992885916,0.0,0.16190857066384193,0.1,0.0031998157501220703,0.05896615982055664,0.049698714,1.1199917,20.61815914755681,0.0,0.2981154993226033,0.0,300,0.4171566963195801,0.02213564150770387,0.011202075384298068,285300,18.919037848588797,0.0
951,2.952848196029663,21.938712127505738,0.8969607358949905,23.333438566037515,20.88287582503284,0.0,0.16865838863643887,0.1,0.0032634735107421875,0.0577082633972168,0.049827617,0.9553083,20.750214445551702,0.0,0.2949028031951451,0.0,300,0.32166552543640137,0.010205722476532168,0.006830314787556264,285600,19.941836821866968,0.0
952,3.1253750324249268,21.035392029439464,1.3973835349493917,23.13504367332003,19.70955425360722,0.0,0.17737596716776652,0.1,0.0037109851837158203,0.05947732925415039,0.05015631,0.54525626,20.77873220394048,0.0,0.28285861886793995,0.0,300,0.25745439529418945,0.0184268575335524,0.01744686602649132,285900,19.95571766153751,0.0
953,3.0990610122680664,20.13364366316908,2.393850116254049,21.987695555471596,16.019163438074347,0.0,0.16996288988985148,0.1,0.0033385753631591797,0.059490203857421875,0.04991561,0.49650133,20.71422334986334,0.0,0.2708350759238378,0.0,300,0.47751545906066895,0.04051726950029543,0.02392338109425567,286200,20.039627214875917,0.0
954,3.0381596088409424,19.19138284229608,2.843094148075931,23.550144892931584,16.041601901056158,0.0,0.16054349899003018,0.1,0.003177642822265625,0.05911517143249512,0.049715854,0.6760559,20.561939299106612,0.0,0.25827160167702223,0.0,300,0.15166211128234863,0.04137373498991834,0.035864275981888634,286500,18.865281500243714,0.0
955,2.9791476726531982,21.311914622704247,1.0678976435977607,22.44189849024228,20.1738719749894,0.0,0.16906772032097425,0.1,0.0030472278594970703,0.05702400207519531,0.05008917,0.809594,20.63693683146638,0.0,0.28654559349019404,0.0,300,0.08063864707946777,0.019668135869161378,0.016153371759690633,286800,19.929949260115134,0.0
956,3.0599029064178467,19.40100205147911,2.762612080626039,22.88933804992097,16.386339960926524,0.0,0.16351922045024317,0.1,0.0030574798583984375,0.0561826229095459,0.050104327,0.6718009,20.51334335346765,0.0,0.2610634038881898,0.0,300,0.1212618350982666,0.0342925073555023,0.035604650148111094,287100,22.7177689328356,0.0
957,3.0882859230041504,20.71746998228918,0.6869660661341249,21.598232206081647,19.77880018822025,0.0,0.15980561847320868,0.1,0.0030717849731445312,0.0592801570892334,0.05028025,1.5294175,20.533756016349802,0.0,0.27861647691339786,0.0,300,0.10127878189086914,0.014931442477210512,0.012716763407352265,287400,21.928861964643065,0.0
958,3.051300525665283,20.28969483758475,2.339630660788152,22.661023276959742,17.472443406101593,0.0,0.16284568522564397,0.1,0.0030896663665771484,0.05875396728515625,0.050197262,0.7639675,20.509349898473296,0.0,0.2728939923460606,0.0,300,0.36066484451293945,0.019936989590853774,0.020305075790878424,287700,23.73606708063922,0.0
959,3.0331757068634033,22.423268107675852,1.0559009862799955,23.392773962888093,20.63804718622666,0.0,0.16213075070393176,0.1,0.0031082630157470703,0.05878448486328125,0.05013696,1.5624514,20.700741719393555,0.0,0.3013636176532415,0.0,300,0.07831978797912598,0.011512623937772196,0.006365774649467513,288000,22.729677574289344,0.0
960,3.20806622505188,20.434403613827417,1.0486905756657692,21.26741111648946,18.636664575155148,0.0,0.1531348777253184,0.1,0.0034503936767578125,0.05959486961364746,0.050050996,1.3112144,20.674107908836945,0.0,0.27484524164231383,0.0,300,0.19665050506591797,0.012699269741812493,0.012600175624152391,288300,23.73750619095271,0.0
961,3.510178565979004,18.770289993980843,4.662324443461339,22.68024207841971,10.809364369475713,0.0,0.1577163614052033,0.1,0.43180084228515625,0.062444210052490234,0.05025435,0.3840609,20.483726117351335,0.0,0.252657273712557,0.0,300,0.13991951942443848,0.1054819147482831,0.07852789236108862,288600,18.79359018185348,0.0
962,3.298896074295044,20.076112469027706,2.3611333637013794,22.545417326922273,16.352350514232118,0.0,0.1739603591324238,0.1,0.0032186508178710938,0.06362509727478027,0.048934568,0.5163073,20.44296475251897,0.0,0.27006822990257806,0.0,300,0.19504666328430176,0.020891188927518973,0.02652489201591737,288900,22.780338146472285,0.0
963,3.0274903774261475,19.740592949047468,1.853431051247689,22.751491769680467,17.764919920977455,0.0,0.1662986680991984,0.1,0.0029129981994628906,0.05328178405761719,0.049750417,1.2296134,20.372727572171822,0.0,0.26559451337178314,0.0,300,0.09511280059814453,0.019776238743792814,0.018813593727747,289200,19.833426036266356,0.0
964,3.112877368927002,21.240705060032045,2.1320302978760197,23.411875165289867,19.08736247699098,0.0,0.16675075846662324,0.1,0.002939939498901367,0.05566215515136719,0.05014603,0.87609434,20.459525320957844,0.0,0.2855960406189295,0.0,300,0.1154317855834961,0.0337671867950981,0.020550787598127927,289500,18.904675753288327,0.0
965,3.09377121925354,22.261125349782894,1.5377071843721855,23.421730911994224,19.615214412324228,0.0,0.17673082445857802,0.1,0.0030214786529541016,0.05780816078186035,0.049978808,0.8398293,20.63968532384035,0.0,0.29920162864283684,0.0,300,0.10832619667053223,0.0191841049909841,0.00883994353482204,289800,22.954395908197196,0.0
966,3.144073724746704,17.71605804628321,4.628826836265074,23.383323604926915,11.619785942034273,0.0,0.15729329368242337,0.1,0.0030205249786376953,0.062004804611206055,0.050080057,0.5631597,20.347322596084638,0.0,0.23809227440297512,0.0,300,0.2060384750366211,0.17793624190686705,0.14429154006438874,290100,21.818726826950098,0.0
967,3.002944231033325,21.641353592166787,1.472565451896561,22.79054570645255,19.12923255731033,0.0,0.1701789284427086,0.1,0.003602743148803711,0.06659197807312012,0.050316792,0.636525,20.476725695692853,0.0,0.2901982126717539,0.0,300,0.1582334041595459,0.019215163204298308,0.02533821316221277,290400,18.8608178877402,0.0
968,2.9728074073791504,20.395218936513714,1.5561757795110596,22.7705952770747,18.604874903582285,0.0,0.1788630121339296,0.1,0.003714323043823242,0.06417441368103027,0.049610805,0.83824885,20.46857501977494,0.0,0.27432298294199026,0.0,300,0.05422687530517578,0.013232188178916979,0.012893491354846002,290700,17.89874142762908,0.0
969,3.0453555583953857,19.222497483184153,4.408751169730009,22.473123206743683,11.624789747602128,0.0,0.15374982821881225,0.1,0.0034780502319335938,0.062224388122558594,0.050237883,0.5132623,20.34396726611586,0.0,0.2581842449626155,0.0,300,0.0662086009979248,0.07694389029126326,0.07561659726935853,291000,22.000861549449095,0.0
970,3.044121503829956,21.222843068023856,2.102184820635172,23.309135937480637,17.78304861046354,0.0,0.16130802509901288,0.1,0.003432750701904297,0.06570744514465332,0.050151385,0.87013143,20.43185484630666,0.0,0.28535681218033815,0.0,300,0.11770963668823242,0.024404123940619075,0.0204603048451936,291300,20.81401133061264,0.0
971,2.952639102935791,21.823132097263546,1.4975563215837535,23.3388617176204,19.341147415331747,0.0,0.15839916409566962,0.1,0.0032761096954345703,0.0594174861907959,0.049549807,1.0419217,20.57098257140235,0.0,0.2933434670902456,0.0,300,0.08288693428039551,0.018363561449268036,0.010290715934453019,291600,21.748146818374355,0.0
972,3.0093276500701904,16.750852209221875,3.120369769301355,19.423677191539237,11.604924128365873,0.0,0.15270220963803724,0.1,0.0031232833862304688,0.059522151947021484,0.04926378,1.3098725,20.188969535184302,0.0,0.22522848933903222,0.0,300,0.026770591735839844,0.17774010691033137,0.12452956404496633,291900,19.82194603176018,0.0
973,2.9878809452056885,20.7033095695159,1.76478462336578,22.647521292613597,18.631920444308765,0.0,0.15381197013662798,0.1,0.003264904022216797,0.05830121040344238,0.0502607,2.9933808,20.240403538617464,0.0,0.27820720324652837,0.0,300,0.13243651390075684,0.023845547138382276,0.030805240851450557,292200,17.83072936861105,0.0
974,3.086698293685913,20.681961491283175,1.689035912880522,22.717230529835643,18.35818198097531,0.0,0.1594509059979733,0.1,0.0031740665435791016,0.05840659141540527,0.049783673,1.0261352,20.284559333884037,0.0,0.27812235638711835,0.0,300,0.02984476089477539,0.023160514664151425,0.018180500497871236,292500,20.715389705050875,0.0
975,3.011573076248169,19.48396987541471,3.052684273284829,23.175731402896744,15.931466026121575,0.0,0.1599520089053119,0.1,0.0029969215393066406,0.058785438537597656,0.049926616,0.7552239,20.204500388037104,0.0,0.2621729658163223,0.0,300,1.3706281185150146,0.04024620814971674,0.04187975709740948,292800,21.75763971454774,0.0
976,3.2267649173736572,20.83844019047364,1.1339437564361763,22.500193183272888,19.600903389643253,0.0,0.1584994856428986,0.1,0.0031037330627441406,0.05919694900512695,0.04964871,0.91803455,20.26789436828076,0.0,0.28023077534130825,0.0,300,0.027704477310180664,0.014138756871681585,0.012074904134649659,293100,17.856577228164394,0.0
977,3.0437281131744385,20.548397669684725,2.4574435715056464,23.245079153297265,16.582489681008628,0.0,0.16945742481584136,0.1,0.0030095577239990234,0.0578618049621582,0.04994161,0.66649956,20.29594469842116,0.0,0.27636282872200174,0.0,300,1.366689920425415,0.025139413229901757,0.025222500374539613,293400,19.852962663584638,0.0
978,3.0123682022094727,20.35923249227291,2.125788327108514,22.677250231755934,16.890296076309756,0.0,0.1695825135722121,0.1,0.003205537796020508,0.05896711349487305,0.049827587,0.65684325,20.302273477806335,0.0,0.27383947087430943,0.0,300,0.0420992374420166,0.023822393795979682,0.02013937456364696,293700,19.854400544868472,0.0
979,3.0646026134490967,16.0716180908624,6.855869424248337,23.232043378139043,6.745426041140356,0.0,0.15054459052646457,0.1,0.0029587745666503906,0.06241416931152344,0.04957124,0.5126619,19.87920793911194,0.0,0.21667435254846001,0.0,300,0.02692413330078125,0.26578110227763857,0.21387789395295284,294000,19.86428245697356,0.0
980,3.1032755374908447,14.809978215807629,4.330455884500744,22.260311192320255,11.602451046574892,0.0,0.15490315266052865,0.1,0.003140687942504883,0.05780172348022461,0.049700305,0.69914865,19.372284966781507,0.0,0.1993478432276123,0.0,300,0.1452336311340332,0.21667739543785597,0.14173206533077887,294300,17.83329639166721,0.0
981,3.1365554332733154,19.58998964383258,4.700663690883496,23.256336574225884,11.608500799135863,0.0,0.15938362889848603,0.1,0.0031616687774658203,0.06194710731506348,0.05000731,0.76230013,19.394055434486617,0.0,0.26308475983605084,0.0,300,0.04082083702087402,0.1400442510818974,0.1496329469341222,294600,16.88535333886929,0.0
982,3.0502216815948486,20.462600511023957,1.6674480632625577,21.943105789885063,17.792506755708942,0.0,0.1662463845019808,0.1,0.0030999183654785156,0.0582575798034668,0.05010921,0.68045837,19.500909942140353,0.0,0.2752214158995607,0.0,300,0.027302265167236328,0.10015457814343244,0.039933678422815276,294900,16.88075083254759,0.0
983,3.144953966140747,21.251178027935666,1.3194736710986652,23.370838141474962,19.74931484361389,0.0,0.15701142535953075,0.1,0.0032477378845214844,0.05975842475891113,0.049793813,0.90791494,19.675936750719888,0.0,0.285735727951074,0.0,300,0.16437220573425293,0.048419580640847976,0.013439057680051186,295200,19.84974880814945,0.0
984,3.09873104095459,19.918398659835468,2.752529210507416,21.753548417798612,15.163940224073658,0.0,0.16490509066746045,0.1,0.003115415573120117,0.05964255332946777,0.050286397,0.5463641,19.700182941631446,0.0,0.26796522130879896,0.0,300,0.06841754913330078,0.040786643532125036,0.0531378594375063,295500,22.38993348370845,0.0
985,3.0272114276885986,21.742591957249964,1.22762961109015,23.478962648571738,20.07085540496691,0.0,0.16659947769359154,0.1,0.0029134750366210938,0.059650421142578125,0.04966362,0.7800486,19.9044238431933,0.0,0.2922875682144829,0.0,300,0.0550379753112793,0.013808607805022013,0.011617476326370477,295800,21.939979419618137,0.0
986,3.097811460494995,21.69862038589795,1.4608758279199088,22.774909749860697,19.206649903742193,0.0,0.16300129533567845,0.1,0.002756357192993164,0.05743694305419922,0.050058953,0.7893884,20.083843497463764,0.0,0.2916541808100468,0.0,300,0.03983163833618164,0.01140303171181488,0.0114867368148524,296100,22.925316330269734,0.0
987,3.143925905227661,21.989982853551364,1.632224797468951,23.79433830497896,19.466863164270112,0.0,0.160604625874894,0.1,0.003069639205932617,0.05836081504821777,0.04946283,0.94005007,20.274457433072527,0.0,0.29558626671570964,0.0,300,0.03309941291809082,0.014814408494560347,0.01214271362942064,296400,22.82072793897461,0.0
988,3.0952699184417725,18.99856616793964,4.548345758519953,23.625725862407638,11.649982873591581,0.0,0.14931584207820792,0.1,0.003448486328125,0.06596231460571289,0.04919667,0.5374189,20.14686830655924,0.0,0.2551824671843561,0.0,300,0.028519392013549805,0.1071118619791761,0.08949630817420094,296700,23.79302854182433,0.0
989,3.0594983100891113,20.914492462546704,2.1561769159884445,22.449553792873488,17.194125938134444,0.0,0.16191752190923975,0.1,0.0035614967346191406,0.06363964080810547,0.04988588,0.64670014,20.22363072215799,0.0,0.28124618227086184,0.0,300,0.06421232223510742,0.016822968843757006,0.020968780834495215,297000,17.70099071381302,0.0
990,3.002154588699341,17.820494521308103,5.135220265456295,23.371841872269794,11.64926714561985,0.0,0.15968502433484885,0.1,0.0033195018768310547,0.06513738632202148,0.049861614,0.5539052,19.983317102073,0.0,0.23949142365134116,0.0,300,0.05654788017272949,0.13286509728569118,0.1167337174020611,297300,23.61056333251199,0.0
